8399,8399
8400,8400
8401,8401
8402,8402
8403,8403
8404,8404
8405,8405
8406,8406
8407,8407
8408,8408
8409,8409
8410,8410
8411,8411
8412,8412
8413,8413
8414,8414
8415,8415
8416,8416
8417,8417
8418,8418
8419,8419
8420,8420
8421,8421
8422,8422
8423,8423
8424,8424
8425,8425
8426,8426
8427,8427
8428,8428
8429,8429
8430,8430
8431,8431
8432,8432
8433,8433
8434,8434
8435,8435
8436,8436
8437,8437
8438,8438
8439,8439
8440,8440
8441,8441
8442,8442
8443,8443
8444,8444
8445,8445
8446,8446
8447,8447
8448,8448
8449,8449
8450,8450
8451,8451
8452,8452
8453,8453
8454,8454
8455,8455
8456,8456
8457,8457
8458,8458
8459,8459
8460,8460
8461,8461
8462,8462
8463,8463
8464,8464
8465,8465
8466,8466
8467,8467
8468,8468
8469,8469
8470,8470
8471,8471
8472,8472
8473,8473
8474,8474
8475,8475
8476,8476
8477,8477
8478,8478
8479,8479
8480,8480
8481,8481
8482,8482
8483,8483
8484,8484
8485,8485
8486,8486
8487,8487
8488,8488
8489,8489
8490,8490
8491,8491
8492,8492
8493,8493
8494,8494
8495,8495
8496,8496
8497,8497
8498,8498
8499,8499
8500,8500
8501,8501
8502,8502
8503,8503
8504,8504
8505,8505
8506,8506
8507,8507
8508,8508
8509,8509
8510,8510
8511,8511
8512,8512
8513,8513
8514,8514
8515,8515
8516,8516
8517,8517
8518,8518
8519,8519
8520,8520
8521,8521
8522,8522
8523,8523
8524,8524
8525,8525
8526,8526
8527,8527
8528,8528
8529,8529
8530,8530
8531,8531
8532,8532
8533,8533
8534,8534
8535,8535
8536,8536
8537,8537
8538,8538
8539,8539
8540,8540
8541,8541
8542,8542
8543,8543
8544,8544
8545,8545
8546,8546
8547,8547
8548,8548
8549,8549
8550,8550
8551,8551
8552,8552
8553,8553
8554,8554
8555,8555
8556,8556
8557,8557
8558,8558
8559,8559
8560,8560
8561,8561
8562,8562
8563,8563
8564,8564
8565,8565
8566,8566
8567,8567
8568,8568
8569,8569
8570,8570
8571,8571
8572,8572
8573,8573
8574,8574
8575,8575
8576,8576
8577,8577
8578,8578
8579,8579
8580,8580
8581,8581
8582,8582
8583,8583
8584,8584
8585,8585
8586,8586
8587,8587
8588,8588
8589,8589
8590,8590
8591,8591
8592,8592
8593,8593
8594,8594
8595,8595
8596,8596
8597,8597
8598,8598
8599,8599
8600,8600
8601,8601
8602,8602
8603,8603
8604,8604
8605,8605
8606,8606
8607,8607
8608,8608
8609,8609
8610,8610
8611,8611
8612,8612
8613,8613
8614,8614
8615,8615
8616,8616
8617,8617
8618,8618
8619,8619
8620,8620
8621,8621
8622,8622
8623,8623
8624,8624
8625,8625
8626,8626
8627,8627
8628,8628
8629,8629
8630,8630
8631,8631
8632,8632
8633,8633
8634,8634
8635,8635
8636,8636
8637,8637
8638,8638
8639,8639
8640,8640
8641,8641
8642,8642
8643,8643
8644,8644
8645,8645
8646,8646
8647,8647
8648,8648
8649,8649
8650,8650
8651,8651
8652,8652
8653,8653
8654,8654
8655,8655
8656,8656
8657,8657
8658,8658
8659,8659
8660,8660
8661,8661
8662,8662
8663,8663
8664,8664
8665,8665
8666,8666
8667,8667
8668,8668
8669,8669
8670,8670
8671,8671
8672,8672
8673,8673
8674,8674
8675,8675
8676,8676
8677,8677
8678,8678
8679,8679
8680,8680
8681,8681
8682,8682
8683,8683
8684,8684
8685,8685
8686,8686
8687,8687
8688,8688
8689,8689
8690,8690
8691,8691
8692,8692
8693,8693
8694,8694
8695,8695
8696,8696
8697,8697
8698,8698
8699,8699
8700,8700
8701,8701
8702,8702
8703,8703
8704,8704
8705,8705
8706,8706
8707,8707
8708,8708
8709,8709
8710,8710
8711,8711
8712,8712
8713,8713
8714,8714
8715,8715
8716,8716
8717,8717
8718,8718
8719,8719
8720,8720
8721,8721
8722,8722
8723,8723
8724,8724
8725,8725
8726,8726
8727,8727
8728,8728
8729,8729
8730,8730
8731,8731
8732,8732
8733,8733
8734,8734
8735,8735
8736,8736
8737,8737
8738,8738
8739,8739
8740,8740
8741,8741
8742,8742
8743,8743
8744,8744
8745,8745
8746,8746
8747,8747
8748,8748
8749,8749
8750,8750
8751,8751
8752,8752
8753,8753
8754,8754
8755,8755
8756,8756
8757,8757
8758,8758
8759,8759
8760,8760
8761,8761
8762,8762
8763,8763
8764,8764
8765,8765
8766,8766
8767,8767
8768,8768
8769,8769
8770,8770
8771,8771
8772,8772
8773,8773
8774,8774
8775,8775
8776,8776
8777,8777
8778,8778
8779,8779
8780,8780
8781,8781
8782,8782
8783,8783
8784,8784
8785,8785
8786,8786
8787,8787
8788,8788
8789,8789
8790,8790
8791,8791
8792,8792
8793,8793
8794,8794
8795,8795
8796,8796
8797,8797
8798,8798
8799,8799
8800,8800
8801,8801
8802,8802
8803,8803
8804,8804
8805,8805
8806,8806
8807,8807
8808,8808
8809,8809
8810,8810
8811,8811
8812,8812
8813,8813
8814,8814
8815,8815
8816,8816
8817,8817
8818,8818
8819,8819
8820,8820
8821,8821
8822,8822
8823,8823
8824,8824
8825,8825
8826,8826
8827,8827
8828,8828
8829,8829
8830,8830
8831,8831
8832,8832
8833,8833
8834,8834
8835,8835
8836,8836
8837,8837
8838,8838
8839,8839
8840,8840
8841,8841
8842,8842
8843,8843
8844,8844
8845,8845
8846,8846
8847,8847
8848,8848
8849,8849
8850,8850
8851,8851
8852,8852
8853,8853
8854,8854
8855,8855
8856,8856
8857,8857
8858,8858
8859,8859
8860,8860
8861,8861
8862,8862
8863,8863
8864,8864
8865,8865
8866,8866
8867,8867
8868,8868
8869,8869
8870,8870
8871,8871
8872,8872
8873,8873
8874,8874
8875,8875
8876,8876
8877,8877
8878,8878
8879,8879
8880,8880
8881,8881
8882,8882
8883,8883
8884,8884
8885,8885
8886,8886
8887,8887
8888,8888
8889,8889
8890,8890
8891,8891
8892,8892
8893,8893
8894,8894
8895,8895
8896,8896
8897,8897
8898,8898
8899,8899
8900,8900
8901,8901
8902,8902
8903,8903
8904,8904
8905,8905
8906,8906
8907,8907
8908,8908
8909,8909
8910,8910
8911,8911
8912,8912
8913,8913
8914,8914
8915,8915
8916,8916
8917,8917
8918,8918
8919,8919
8920,8920
8921,8921
8922,8922
8923,8923
8924,8924
8925,8925
8926,8926
8927,8927
8928,8928
8929,8929
8930,8930
8931,8931
8932,8932
8933,8933
8934,8934
8935,8935
8936,8936
8937,8937
8938,8938
8939,8939
8940,8940
8941,8941
8942,8942
8943,8943
8944,8944
8945,8945
8946,8946
8947,8947
8948,8948
8949,8949
8950,8950
8951,8951
8952,8952
8953,8953
8954,8954
8955,8955
8956,8956
8957,8957
8958,8958
8959,8959
8960,8960
8961,8961
8962,8962
8963,8963
8964,8964
8965,8965
8966,8966
8967,8967
8968,8968
8969,8969
8970,8970
8971,8971
8972,8972
8973,8973
8974,8974
8975,8975
8976,8976
8977,8977
8978,8978
8979,8979
8980,8980
8981,8981
8982,8982
8983,8983
8984,8984
8985,8985
8986,8986
8987,8987
8988,8988
8989,8989
8990,8990
8991,8991
8992,8992
8993,8993
8994,8994
8995,8995
8996,8996
8997,8997
8998,8998
8999,8999
9000,9000
9001,9001
9002,9002
9003,9003
9004,9004
9005,9005
9006,9006
9007,9007
9008,9008
9009,9009
9010,9010
9011,9011
9012,9012
9013,9013
9014,9014
9015,9015
9016,9016
9017,9017
9018,9018
9019,9019
9020,9020
9021,9021
9022,9022
9023,9023
9024,9024
9025,9025
9026,9026
9027,9027
9028,9028
9029,9029
9030,9030
9031,9031
9032,9032
9033,9033
9034,9034
9035,9035
9036,9036
9037,9037
9038,9038
9039,9039
9040,9040
9041,9041
9042,9042
9043,9043
9044,9044
9045,9045
9046,9046
9047,9047
9048,9048
9049,9049
9050,9050
9051,9051
9052,9052
9053,9053
9054,9054
9055,9055
9056,9056
9057,9057
9058,9058
9059,9059
9060,9060
9061,9061
9062,9062
9063,9063
9064,9064
9065,9065
9066,9066
9067,9067
9068,9068
9069,9069

8807,8622
8807,8835
8807,8894
8807,8909
8807,8934
8807,8953
8835,8400
8835,8445
8835,8524
8835,8845
8835,8936
8936,9017
8445,8437
8445,8520
8445,8845
8845,8519
8845,8520
8845,8582
8845,8717
8845,8755
8845,8783
8845,8794
8845,8798
8845,8819
8845,8885
8845,9047
8519,8508
8519,8524
8519,8717
8519,8783
8519,8794
8519,8894
8519,9039
8519,9047
8519,9057
9047,8400
9047,8483
9047,8542
9047,8717
9047,8783
9047,8794
9047,8819
9047,8966
9047,8991
9047,9000
9047,9039
9047,9055
9047,9057
8794,8400
8794,8434
8794,8480
8794,8483
8794,8484
8794,8508
8794,8511
8794,8559
8794,8586
8794,8752
8794,8798
8794,8838
8794,8914
8794,8949
8794,8953
8794,8991
8794,9000
8794,9027
8794,9039
8794,9048
8794,9057
8966,8987
8838,8847
8752,8484
8752,8549
8752,8639
8639,8742
8484,8405
8484,8416
8484,8417
8484,8422
8484,8465
8484,8468
8484,8490
8484,8510
8484,8552
8484,8566
8484,8700
8484,8706
8484,8742
8484,8781
8484,8882
8484,8888
8484,8912
8484,8946
8484,9034
8484,9039
8490,8405
8490,8419
8490,8422
8490,8566
8490,8742
8490,8801
8490,8813
8490,8882
8490,8988
8566,8417
8566,8742
8566,8912
8566,8946
9039,8480
9039,8483
9039,8508
9039,8566
9039,8580
9039,8621
9039,8664
9039,8716
9039,8742
9039,8781
9039,8783
9039,8811
9039,8819
9039,8847
9039,8888
9039,8894
9039,8966
9039,8986
9039,9000
9039,9057
9039,9060
8801,8417
8552,8417
8552,8468
8552,8912
8882,8468
8882,8654
8882,8682
8882,9057
8888,8654
8888,8682
8405,8417
8405,8419
8405,8468
8405,8912
8781,8419
8781,8468
8781,8682
8781,8706
8781,8900
8781,8912
8682,8416
8682,8442
8682,8465
8682,8468
8682,8498
8682,8631
8682,8912
8468,8416
8468,8417
8468,8442
8468,8453
8468,8465
8468,8498
8468,8631
8468,8716
8468,8759
8468,8857
8468,8905
8468,8941
8468,8946
8468,8953
8468,9014
8468,9034
8468,9038
8465,8416
8465,8417
8465,8485
8465,8613
8465,8621
8465,8905
8465,9038
8417,8423
8417,8453
8417,8485
8417,8613
8417,8621
8417,8716
8417,8759
8417,8788
8417,8857
8417,8900
8417,8904
8417,8905
8417,8946
8417,8953
8417,9001
8417,9038
8417,9039
8417,9057
9034,8485
8453,8423
8946,8788
8946,8900
8946,8904
8946,9001
8485,8423
8485,8727
8485,9014
9014,8716
9014,8759
9014,9038
8900,8488
8900,8571
8900,8727
8900,8788
8900,8905
8900,9001
8905,8716
8905,8759
8759,8650
8759,8788
8759,8904
8759,8941
8759,9001
8941,8488
8941,8571
8941,8727
8941,8788
8941,9001
8788,8488
8788,8650
8788,8900
8788,8928
8788,8935
8788,9001
9001,8488
9001,8571
9001,8928
9001,8935
8650,8488
8650,8571
8571,8488
8571,8741
8571,8832
8571,8928
8571,8935
8488,8741
8488,8832
8488,8928
8488,8935
8488,8957
8928,8818
8928,8832
8928,8833
8928,8935
8928,8957
8935,8667
8935,8741
8935,8789
8935,8818
8935,8832
8935,8833
8935,8928
8935,8957
8935,9040
8741,8832
8832,8709
8832,8789
8832,8818
8832,8833
8832,8890
8832,9029
8709,8413
8709,8439
8709,8455
8709,8461
8709,8503
8709,8509
8709,8517
8709,8564
8709,8575
8709,8604
8709,8614
8709,8638
8709,8678
8709,8691
8709,8692
8709,8711
8709,8786
8709,8803
8709,8806
8709,8850
8709,8858
8709,8859
8709,8930
8709,8945
8709,8957
8709,9022
8709,9069
8957,8455
8957,8517
8957,8575
8957,8709
8957,8832
8575,8455
8575,8517
8517,8413
8517,8428
8517,8441
8517,8500
8517,8630
8517,8645
8517,8683
8517,8704
8517,8756
8517,8778
8517,8786
8517,8806
8517,8870
8517,8907
8517,8927
8517,8956
8517,8962
8517,8963
8517,8992
8517,8993
8517,9044
8806,8407
8806,8426
8806,8428
8806,8497
8806,8704
8806,8719
8806,8740
8806,8761
8806,8771
8806,8786
8806,8865
8806,8870
8806,8895
8806,8907
8806,8916
8806,8943
8806,8992
8806,8995
8806,9006
8806,9015
8806,9056
8806,9068
8407,8425
8407,8704
8407,8771
8407,8825
8407,8870
8407,8907
8407,8992
8407,8995
8407,9006
8407,9068
8992,8425
8992,8704
8992,8771
8992,8865
8992,8870
8992,9006
8870,8402
8870,8403
8870,8408
8870,8413
8870,8428
8870,8432
8870,8463
8870,8472
8870,8475
8870,8497
8870,8500
8870,8517
8870,8553
8870,8578
8870,8583
8870,8618
8870,8630
8870,8640
8870,8704
8870,8728
8870,8740
8870,8761
8870,8771
8870,8778
8870,8779
8870,8785
8870,8786
8870,8805
8870,8809
8870,8825
8870,8829
8870,8834
8870,8850
8870,8864
8870,8865
8870,8887
8870,8889
8870,8895
8870,8907
8870,8908
8870,8916
8870,8945
8870,8962
8870,8978
8870,8983
8870,8995
8870,8996
8870,9006
8870,9015
8870,9022
8870,9042
8870,9045
8870,9049
8870,9056
8870,9063
8907,8408
8907,8413
8907,8415
8907,8428
8907,8439
8907,8451
8907,8497
8907,8500
8907,8503
8907,8509
8907,8516
8907,8517
8907,8526
8907,8539
8907,8553
8907,8578
8907,8602
8907,8614
8907,8630
8907,8637
8907,8638
8907,8641
8907,8681
8907,8692
8907,8704
8907,8719
8907,8728
8907,8740
8907,8743
8907,8744
8907,8761
8907,8768
8907,8778
8907,8784
8907,8786
8907,8803
8907,8805
8907,8809
8907,8810
8907,8812
8907,8825
8907,8837
8907,8850
8907,8861
8907,8864
8907,8870
8907,8889
8907,8895
8907,8908
8907,8916
8907,8945
8907,8948
8907,8995
8907,9006
8907,9015
8907,9022
8907,9044
8907,9045
8907,9054
8907,9056
8907,9063
9006,8428
9006,8663
9006,8683
9006,8703
9006,8704
9006,8719
9006,8825
9006,8870
9006,8889
9006,8907
9006,8908
9006,8916
9006,8927
9006,8948
9006,8995
9006,9045
8995,8408
8995,8428
8995,8463
8995,8472
8995,8517
8995,8553
8995,8740
8995,8761
8995,8786
8995,8864
8995,8870
8995,8880
8995,8916
8995,9015
8995,9042
8761,8428
8761,8497
8761,8517
8761,8535
8761,8553
8761,8630
8761,8740
8761,8771
8761,8786
8761,8864
8761,8870
8761,8916
8761,8948
8761,9044
8761,9045
8908,8431
8908,8500
8908,8517
8908,8630
8908,8891
8864,8402
8864,8428
8864,8463
8864,8516
8864,8517
8864,8630
8864,8728
8864,8740
8864,8756
8864,8786
8864,8891
8864,8916
8864,8971
8428,8402
8428,8413
8428,8456
8428,8500
8428,8516
8428,8517
8428,8535
8428,8539
8428,8540
8428,8569
8428,8594
8428,8600
8428,8612
8428,8617
8428,8618
8428,8630
8428,8637
8428,8640
8428,8645
8428,8656
8428,8657
8428,8683
8428,8704
8428,8709
8428,8728
8428,8740
8428,8748
8428,8756
8428,8765
8428,8778
8428,8786
8428,8805
8428,8825
8428,8837
8428,8850
8428,8861
8428,8864
8428,8870
8428,8880
8428,8891
8428,8907
8428,8908
8428,8916
8428,8927
8428,8931
8428,8932
8428,8937
8428,8945
8428,8956
8428,8962
8428,8963
8428,8971
8428,8973
8428,8996
8428,9006
8428,9022
8428,9024
8428,9044
8428,9045
8428,9051
8428,9054
8428,9063
9045,8402
9045,8428
9045,8500
9045,8516
9045,8517
9045,8539
9045,8569
9045,8612
9045,8630
9045,8645
9045,8704
9045,8728
9045,8880
9045,8908
9051,8428
9051,8645
9051,9044
8645,8451
8645,8456
8645,8500
8645,8630
8645,8640
8645,8644
8645,8683
8645,8704
8645,8710
8645,8756
8645,8948
8645,9044
9044,8451
9044,8500
9044,8565
9044,8630
9044,8683
9044,8756
9044,8891
8704,8402
8704,8408
8704,8428
8704,8456
8704,8472
8704,8497
8704,8500
8704,8516
8704,8517
8704,8535
8704,8539
8704,8587
8704,8594
8704,8618
8704,8630
8704,8640
8704,8644
8704,8645
8704,8657
8704,8710
8704,8740
8704,8756
8704,8761
8704,8778
8704,8786
8704,8825
8704,8834
8704,8864
8704,8870
8704,8880
8704,8887
8704,8889
8704,8895
8704,8907
8704,8908
8704,8916
8704,8948
8704,8962
8704,8995
8704,9015
8704,9051
8704,9056
8756,8410
8756,8428
8756,8456
8756,8500
8756,8587
8756,8591
8756,8594
8756,8618
8756,8620
8756,8663
8756,8683
8756,8704
8756,8710
8756,8724
8756,8770
8756,8786
8756,8805
8756,8870
8756,8908
8756,8927
8756,8931
8756,8932
8756,8967
8756,8993
8756,9006
8710,8527
8710,8587
8710,8618
8710,8663
8710,8683
8710,8805
8710,8927
8710,8931
8710,8932
8710,8962
8710,8967
8710,8993
8993,8432
8993,8441
8993,8469
8993,8558
8993,8591
8993,8617
8993,8618
8993,8683
8993,8765
8993,8785
8993,8870
8993,8932
8993,8945
8993,8962
8618,8413
8618,8428
8618,8432
8618,8441
8618,8464
8618,8558
8618,8581
8618,8591
8618,8593
8618,8612
8618,8617
8618,8720
8618,8778
8618,8785
8618,8786
8618,8805
8618,8810
8618,8820
8618,8849
8618,8850
8618,8874
8618,8907
8618,8932
8618,8945
8618,8962
8618,8983
8618,9024
8618,9054
8618,9063
8591,8432
8591,8593
8591,8785
8591,8932
8591,8962
8591,8983
8591,9024
8932,8432
8932,8441
8932,8449
8932,8464
8932,8558
8932,8593
8932,8612
8932,8617
8932,8720
8932,8799
8932,8850
8932,8962
8932,9003
8932,9024
8983,8441
8983,8447
8983,8593
8983,8629
8983,8676
8983,8749
8983,8785
8983,8850
8983,8872
8983,8945
8983,8956
8983,8962
8983,9003
8962,8412
8962,8435
8962,8441
8962,8447
8962,8449
8962,8539
8962,8581
8962,8588
8962,8593
8962,8595
8962,8612
8962,8618
8962,8629
8962,8684
8962,8749
8962,8785
8962,8796
8962,8799
8962,8820
8962,8842
8962,8849
8962,8850
8962,8872
8962,8907
8962,8939
8962,8945
8962,8983
8962,9003
8962,9024
8962,9054
8799,8447
8799,8820
8820,8810
8820,8945
8820,9054
8820,9063
8820,9066
8435,8618
8810,8413
8810,8428
8810,8521
8810,8583
8810,8617
8810,8662
8810,8734
8810,8748
8810,8765
8810,8778
8810,8850
8810,8851
8810,8945
8810,8990
8810,8996
8810,9063
8810,9066
8734,8413
8734,8774
8734,8850
8540,8413
8540,8428
8540,8583
8413,8415
8413,8424
8413,8428
8413,8431
8413,8439
8413,8446
8413,8454
8413,8471
8413,8482
8413,8509
8413,8523
8413,8526
8413,8531
8413,8532
8413,8539
8413,8546
8413,8551
8413,8561
8413,8564
8413,8574
8413,8583
8413,8596
8413,8597
8413,8600
8413,8602
8413,8610
8413,8611
8413,8614
8413,8638
8413,8641
8413,8643
8413,8659
8413,8660
8413,8668
8413,8673
8413,8675
8413,8685
8413,8690
8413,8692
8413,8693
8413,8709
8413,8711
8413,8712
8413,8744
8413,8748
8413,8750
8413,8753
8413,8769
8413,8772
8413,8774
8413,8778
8413,8784
8413,8786
8413,8800
8413,8803
8413,8825
8413,8830
8413,8831
8413,8837
8413,8839
8413,8850
8413,8855
8413,8858
8413,8859
8413,8861
8413,8871
8413,8873
8413,8878
8413,8907
8413,8917
8413,8926
8413,8927
8413,8942
8413,8945
8413,8951
8413,8956
8413,8959
8413,8960
8413,8972
8413,8973
8413,8974
8413,8978
8413,8982
8413,8996
8413,9012
8413,9013
8413,9016
8413,9022
8413,9025
8413,9052
8413,9058
8413,9062
8413,9063
8583,8493
8583,8748
8583,8774
8583,8952
8583,8973
8583,8974
8583,8996
8583,9022
8748,8431
8748,8583
8748,8618
8748,8643
8748,8646
8748,8786
8748,8805
8748,8850
8748,8952
8748,8973
8748,8996
8748,9022
8973,8493
8973,8583
8973,8779
8973,8870
8973,8923
8973,8945
8973,8952
8973,9022
8973,9067
8692,8413
8692,8439
8692,8475
8692,8503
8692,8526
8692,8546
8692,8563
8692,8573
8692,8608
8692,8634
8692,8641
8692,8681
8692,8691
8692,8709
8692,8711
8692,8751
8692,8765
8692,8778
8692,8782
8692,8784
8692,8786
8692,8791
8692,8803
8692,8805
8692,8815
8692,8816
8692,8839
8692,8850
8692,8858
8692,8859
8692,8861
8692,8927
8692,8930
8692,8945
8692,8975
8692,8980
8692,9005
8692,9022
8692,9043
8692,9052
8692,9069
8778,8402
8778,8403
8778,8413
8778,8428
8778,8446
8778,8471
8778,8475
8778,8481
8778,8493
8778,8503
8778,8516
8778,8517
8778,8555
8778,8569
8778,8574
8778,8597
8778,8610
8778,8640
8778,8642
8778,8645
8778,8657
8778,8666
8778,8692
8778,8697
8778,8710
8778,8743
8778,8744
8778,8748
8778,8751
8778,8753
8778,8756
8778,8765
8778,8782
8778,8786
8778,8793
8778,8805
8778,8810
8778,8837
8778,8850
8778,8858
8778,8859
8778,8861
8778,8870
8778,8878
8778,8891
8778,8899
8778,8907
8778,8945
8778,8956
8778,8959
8778,8972
8778,8978
8778,8993
8778,8996
8778,8997
8778,8999
8778,9005
8778,9022
8778,9044
8778,9062
8778,9063
8526,8413
8526,8428
8526,8546
8526,8573
8526,8692
8526,8709
8526,8803
8526,8861
8526,8945
8526,9043
8861,8413
8861,8546
8861,8564
8861,8573
8861,8691
8861,8692
8861,8709
8861,8778
8861,8791
8861,8803
8861,8839
8861,8945
8861,8996
8861,9022
8861,9043
8861,9069
8573,8546
8573,8691
8573,8692
8573,8805
8573,9069
8945,8413
8945,8415
8945,8420
8945,8421
8945,8428
8945,8431
8945,8435
8945,8460
8945,8471
8945,8503
8945,8528
8945,8537
8945,8546
8945,8557
8945,8574
8945,8593
8945,8597
8945,8599
8945,8606
8945,8610
8945,8612
8945,8618
8945,8637
8945,8660
8945,8665
8945,8666
8945,8673
8945,8676
8945,8681
8945,8692
8945,8693
8945,8697
8945,8709
8945,8711
8945,8743
8945,8751
8945,8753
8945,8765
8945,8778
8945,8779
8945,8782
8945,8785
8945,8786
8945,8803
8945,8805
8945,8810
8945,8812
8945,8816
8945,8825
8945,8828
8945,8849
8945,8850
8945,8859
8945,8861
8945,8870
8945,8872
8945,8907
8945,8923
8945,8927
8945,8956
8945,8961
8945,8962
8945,8972
8945,8973
8945,8978
8945,8980
8945,8982
8945,8983
8945,8996
8945,9003
8945,9007
8945,9022
8945,9046
8945,9063
8945,9069
8996,8413
8996,8493
8996,8497
8996,8643
8996,8692
8996,8748
8996,8778
8996,8779
8996,8786
8996,8791
8996,8803
8996,8825
8996,8870
8996,8945
8996,8952
8996,8973
8996,9012
8996,9016
8996,9022
8996,9063
8996,9067
8691,8461
8691,8537
8691,8564
8691,8596
8691,8608
8691,8672
8691,8692
8691,8858
8691,9069
9069,8413
9069,8537
9069,8596
9069,8608
9069,8672
9069,8691
9069,8709
9069,8850
9069,8858
8858,8461
8858,8503
8858,8672
8858,8692
8858,8709
8858,8778
8858,8805
8858,8839
8858,8850
8858,8870
8858,8930
8858,8945
8461,8503
8461,8698
8461,8709
8461,8839
8461,8859
8461,8927
8859,8413
8859,8439
8859,8503
8859,8509
8859,8602
8859,8614
8859,8638
8859,8641
8859,8659
8859,8692
8859,8693
8859,8709
8859,8711
8859,8768
8859,8778
8859,8786
8859,8803
8859,8907
8859,8945
8859,9022
8638,8404
8638,8503
8638,8513
8638,8563
8638,8599
8638,8615
8638,8634
8638,8659
8638,8669
8638,8680
8638,8692
8638,8693
8638,8711
8638,8743
8638,8817
8638,8985
8711,8415
8711,8439
8711,8513
8711,8548
8711,8563
8711,8572
8711,8599
8711,8615
8711,8633
8711,8634
8711,8669
8711,8680
8711,8689
8711,8692
8711,8698
8711,8743
8711,8751
8711,8753
8711,8815
8711,8816
8711,8853
8711,8959
8711,8975
8711,8985
8711,8994
8743,8404
8743,8513
8743,8548
8743,8563
8743,8572
8743,8599
8743,8615
8743,8633
8743,8634
8743,8669
8743,8679
8743,8680
8743,8689
8743,8707
8743,8817
8743,8823
8743,8828
8743,8853
8743,8860
8743,8975
8743,8985
8817,8563
8817,8599
8817,8680
8817,8693
8817,8828
8817,8985
8599,8563
8599,8689
8599,8693
8599,8751
8599,8823
8599,8825
8599,8828
8599,8975
8599,8985
8975,8501
8975,8548
8975,8563
8975,8633
8975,8661
8975,8679
8975,8680
8975,8681
8975,8689
8975,8693
8975,8751
8975,8815
8975,8828
8975,8860
8975,8980
8975,8985
8975,8989
8975,9005
8975,9019
8563,8415
8563,8458
8563,8501
8563,8548
8563,8633
8563,8661
8563,8680
8563,8681
8563,8692
8563,8693
8563,8707
8563,8751
8563,8778
8563,8786
8563,8815
8563,8823
8563,8825
8563,8828
8563,8860
8563,8980
8563,8985
8563,8989
8563,9005
8563,9019
8563,9022
8751,8413
8751,8420
8751,8421
8751,8475
8751,8501
8751,8522
8751,8548
8751,8563
8751,8597
8751,8610
8751,8619
8751,8632
8751,8633
8751,8681
8751,8690
8751,8692
8751,8693
8751,8705
8751,8711
8751,8744
8751,8753
8751,8765
8751,8778
8751,8782
8751,8815
8751,8816
8751,8828
8751,8830
8751,8918
8751,8945
8751,8960
8751,8975
8751,8978
8751,8994
8751,9005
8751,9022
8751,9046
8751,9052
8823,9005
8815,8548
8815,8633
8815,8707
8815,8980
8815,9005
8548,8413
8548,8415
8548,8420
8548,8501
8548,8661
8548,8681
8548,8711
8548,8751
8548,8753
8548,8778
8548,8860
8548,8926
8548,8980
8548,8994
8548,9005
8548,9019
8548,9022
8548,9052
8681,8413
8681,8415
8681,8458
8681,8985
8681,8994
8753,8413
8753,8420
8753,8528
8753,8548
8753,8597
8753,8610
8753,8690
8753,8705
8753,8751
8753,8816
8753,8830
8753,8850
8753,8945
8753,8994
8753,9046
8753,9052
8816,8413
8816,8414
8816,8528
8816,8548
8816,8690
8816,8711
8816,8751
8816,8994
8816,9046
8816,9052
8850,8413
8850,8421
8850,8428
8850,8447
8850,8497
8850,8503
8850,8517
8850,8526
8850,8528
8850,8529
8850,8539
8850,8593
8850,8596
8850,8612
8850,8618
8850,8637
8850,8643
8850,8676
8850,8690
8850,8692
8850,8709
8850,8713
8850,8748
8850,8751
8850,8774
8850,8778
8850,8782
8850,8786
8850,8805
8850,8810
8850,8820
8850,8839
8850,8858
8850,8859
8850,8861
8850,8870
8850,8907
8850,8927
8850,8945
8850,8952
8850,8956
8850,8973
8850,8974
8850,8994
8850,8996
8850,9003
8850,9012
8850,9022
8850,9046
8850,9052
8850,9054
8850,9063
8528,8406
8528,8421
8528,8443
8528,8457
8528,8473
8528,8690
8528,8726
8528,8751
8528,8778
8528,8829
8528,8918
8528,8926
8528,8994
8528,9005
8528,9052
8690,8406
8690,8421
8690,8443
8690,8457
8690,8473
8690,8541
8690,8692
8690,8726
8690,8751
8690,8829
8690,8918
8690,8926
8690,8994
8690,9005
8690,9046
8690,9052
8918,8421
8918,8473
8918,8711
8918,8726
8918,8782
8918,9005
8918,9052
8994,8421
8994,8443
8994,8457
8994,8473
8994,8522
8994,8528
8994,8541
8994,8548
8994,8690
8994,8726
8994,8730
8994,8751
8994,8753
8994,8778
8994,8782
8994,8829
8994,8850
8994,8918
8994,8926
8994,8927
8994,8945
8994,9005
8994,9022
8994,9046
8994,9052
9052,8406
9052,8421
9052,8481
9052,8507
9052,8522
9052,8528
9052,8541
9052,8579
9052,8681
9052,8692
9052,8721
9052,8726
9052,8730
9052,8744
9052,8778
9052,8782
9052,8828
9052,8850
9052,8978
9052,8994
9052,9005
9052,9046
8522,8421
8522,8726
8522,8730
8522,8782
8522,9005
8726,8406
8726,8421
8726,8481
8726,8870
8726,8978
8421,8403
8421,8406
8421,8475
8421,8481
8421,8507
8421,8541
8421,8579
8421,8616
8421,8681
8421,8692
8421,8721
8421,8751
8421,8778
8421,8782
8421,8850
8421,8859
8421,8870
8421,8945
8421,8959
8421,8978
8978,8403
8978,8413
8978,8421
8978,8433
8978,8466
8978,8471
8978,8473
8978,8475
8978,8476
8978,8481
8978,8494
8978,8518
8978,8585
8978,8597
8978,8610
8978,8616
8978,8617
8978,8690
8978,8705
8978,8711
8978,8744
8978,8751
8978,8778
8978,8782
8978,8786
8978,8828
8978,8829
8978,8840
8978,8863
8978,8870
8978,8878
8978,8896
8978,8922
8978,8938
8978,8955
8978,8959
8978,8960
8978,9022
8978,9046
8475,8403
8475,8413
8475,8421
8475,8473
8475,8514
8475,8518
8475,8557
8475,8616
8475,8786
8475,8829
8475,8896
8475,8959
8475,8960
8475,8978
8475,9022
8829,8414
8829,8433
8829,8473
8829,8518
8829,8528
8829,8665
8829,8690
8829,8721
8829,8726
8829,8945
8829,8959
8829,8960
8829,8978
8829,8994
8829,9046
8829,9052
8473,8421
8473,8457
8473,8522
8473,8896
8473,8918
8473,8978
8473,9052
8960,8562
8960,8665
8960,8782
8960,8828
8960,8863
8960,8959
8959,8475
8959,8477
8959,8557
8959,8562
8959,8665
8959,8782
8959,8828
8959,9022
8959,9046
8828,8477
8828,8501
8828,8548
8828,8557
8828,8562
8828,8563
8828,8633
8828,8680
8828,8681
8828,8693
8828,8707
8828,8751
8828,8815
8828,8823
8828,8945
8828,8975
8828,8980
8828,8985
8828,9005
8828,9019
8828,9022
8562,8475
8562,8477
8562,8557
8562,8945
8562,9059
8477,8466
8477,8557
8466,8471
8466,8544
8466,8778
8466,8921
8466,8945
8466,9025
8984,8494
8984,8597
8984,8610
8984,8651
8610,8413
8610,8418
8610,8450
8610,8466
8610,8471
8610,8486
8610,8494
8610,8523
8610,8567
8610,8585
8610,8597
8610,8601
8610,8653
8610,8725
8610,8733
8610,8751
8610,8760
8610,8778
8610,8790
8610,8840
8610,8868
8610,8898
8610,8922
8610,8945
8610,8972
8610,8982
8610,9021
8610,9022
8610,9035
9021,8585
9021,8601
9021,8610
9021,8840
9021,8898
9021,8972
8840,8418
8840,8486
8840,8567
8840,8585
8840,8610
8840,8869
8840,8898
8840,8972
8898,8418
8898,8450
8898,8471
8898,8486
8898,8567
8898,8585
8898,8653
8898,8869
8898,8929
8898,8945
8898,8972
8972,8413
8972,8418
8972,8486
8972,8523
8972,8567
8972,8585
8972,8624
8972,8653
8972,8778
8972,8827
8972,8868
8972,8869
8972,8929
8972,8945
8972,8978
8868,8486
8868,8869
8868,8927
8567,8486
8567,8929
8418,8486
8418,8840
8418,8869
8418,8898
8418,8929
8869,8471
8869,8486
8869,8523
8869,8597
8869,8699
8869,8929
8929,8471
8929,8523
8487,8523
8487,8878
8487,8982
8487,9030
8830,8476
8830,8982
8830,8994
8830,9046
8878,8429
8878,8476
8878,8530
8878,8554
8878,8574
8878,8673
8878,8702
8878,8899
8878,8903
8878,8925
8878,8978
8878,8982
8878,8997
8878,9008
8878,9062
8899,8427
8899,8471
8899,8492
8899,8530
8899,8555
8899,8597
8899,8666
8899,8778
8899,8824
8899,8866
8899,9022
8555,8446
8555,8467
8555,8471
8555,8492
8555,8499
8555,8550
8555,8574
8555,8584
8555,8701
8555,8778
8555,8780
8555,8792
8555,8824
8555,8826
8555,8866
8555,8899
8555,8944
8555,8945
8555,9022
8866,8401
8866,8446
8866,8471
8866,8479
8866,8491
8866,8597
8866,8694
8866,8701
8866,8764
8866,8778
8866,8792
8866,8824
8866,8826
8866,8886
8866,8899
8866,8927
8866,8944
8866,8945
8866,8997
8866,9032
8866,9036
8826,8446
8826,8471
8826,8479
8826,8491
8826,8666
8826,8764
8826,8824
8826,8886
8826,8899
8826,9032
8491,8446
8491,8479
8491,8597
8491,8666
8491,8695
8491,8824
8491,9032
8666,8446
8666,8471
8666,8476
8666,8515
8666,8555
8666,8674
8666,8695
8666,8778
8666,8977
8666,9022
8666,9046
8446,8411
8446,8413
8446,8471
8446,8476
8446,8479
8446,8515
8446,8531
8446,8550
8446,8555
8446,8666
8446,8673
8446,8695
8446,8750
8446,8764
8446,8778
8446,8824
8446,8831
8446,8875
8446,8886
8446,8945
8446,8951
8446,8961
8446,8969
8446,8997
8446,9022
8446,9041
8411,8550
8411,8892
8411,8903
8550,8413
8550,8471
8550,8476
8550,8548
8550,8574
8550,8655
8550,8697
8550,8757
8550,8856
8550,8878
8550,8892
8550,8903
8550,8927
8550,9008
8550,9062
8574,8424
8574,8452
8574,8471
8574,8476
8574,8655
8574,8673
8574,8697
8574,8702
8574,8821
8574,8892
8574,8961
8574,8997
8574,9008
8574,9022
8574,9062
8424,8413
8424,8452
8424,8467
8424,8471
8424,8532
8424,8555
8424,8763
8424,8821
8424,8843
8424,8856
8424,9026
8532,8424
8532,8444
8532,8446
8532,8467
8532,8471
8532,8555
8532,8574
8532,8780
8532,8856
8532,8919
8532,9022
8532,9062
9062,8413
9062,8424
9062,8452
9062,8471
9062,8476
9062,8555
9062,8597
9062,8603
9062,8626
9062,8655
9062,8673
9062,8697
9062,8702
9062,8778
9062,8800
9062,8821
9062,8873
9062,8927
9062,8997
9062,9008
9062,9013
9062,9022
9062,9026
8856,8574
8856,8777
8856,8780
8780,8413
8780,8471
8780,8777
8780,8961
8780,9004
8561,8866
8561,8920
8561,8961
8534,8436
8534,8531
8534,8831
8534,8877
8534,9013
8831,8413
8831,8446
8831,8482
8831,8628
8831,8718
8831,8750
8831,8940
8831,8951
8831,8976
8831,9013
8831,9020
8951,8482
8951,8547
8951,8628
8951,8660
8951,8841
8951,8854
8951,8871
8951,8879
8951,8901
8951,8910
8951,8924
8951,8940
8951,8942
8951,8965
8951,8970
8951,8981
8951,8998
8951,9013
8951,9020
8951,9058
8940,8482
8940,8660
8940,8981
9013,8413
9013,8436
9013,8446
9013,8454
9013,8470
9013,8471
9013,8482
9013,8531
9013,8598
9013,8609
9013,8611
9013,8636
9013,8649
9013,8660
9013,8668
9013,8714
9013,8732
9013,8738
9013,8750
9013,8769
9013,8800
9013,8831
9013,8841
9013,8854
9013,8855
9013,8873
9013,8877
9013,8881
9013,8884
9013,8924
9013,8951
9013,9010
9013,9018
9013,9022
9013,9026
8924,8482
8924,8879
8924,8942
8924,8998
8482,8547
8482,8576
8482,8577
8482,8598
8482,8603
8482,8660
8482,8808
8482,8844
8482,8854
8482,8879
8482,8901
8482,8910
8482,8942
8482,8970
8482,8998
8482,9058
8901,8660
8901,8970
8901,9058
8660,8413
8660,8471
8660,8505
8660,8536
8660,8547
8660,8576
8660,8577
8660,8598
8660,8603
8660,8611
8660,8762
8660,8776
8660,8800
8660,8808
8660,8844
8660,8873
8660,8879
8660,8924
8660,8942
8660,8945
8660,8965
8660,8970
8660,9013
8660,9050
8660,9058
8660,9062
8577,8547
8577,8598
8577,8879
9058,8502
9058,8536
9058,8547
9058,8598
9058,8603
9058,8731
9058,8873
9058,8879
8547,8471
8547,8489
8547,8502
8547,8536
8547,8576
8547,8598
8547,8603
8547,8688
8547,8696
8547,8712
8547,8732
8547,8737
8547,8776
8547,8800
8547,8873
8547,8879
8547,8945
8547,9033
8547,9050
8879,8413
8879,8502
8879,8536
8879,8576
8879,8598
8879,8603
8879,8642
8879,8688
8879,8696
8879,8701
8879,8712
8879,8731
8879,8732
8879,8735
8879,8776
8879,8800
8879,8804
8879,8846
8879,8848
8879,8873
8879,8876
8879,8942
8879,9013
8879,9028
8879,9050
8879,9062
8712,8603
8712,8961
8712,9061
8712,9062
8576,8776
8576,8800
8576,8804
8598,8536
8598,8603
8598,8611
8598,8642
8598,8731
8598,8737
8598,8776
8598,8800
8598,8873
8598,8876
8598,8942
8598,8958
8598,9050
8598,9062
9061,8413
9061,8603
8536,8505
8536,8603
8536,8731
8536,8776
8536,8800
8536,8873
8536,8876
8536,8942
8536,9028
8536,9033
8603,8489
8603,8502
8603,8626
8603,8642
8603,8688
8603,8696
8603,8737
8603,8776
8603,8800
8603,8804
8603,8846
8603,8873
8603,8876
8603,9023
8800,8413
8800,8454
8800,8502
8800,8642
8800,8648
8800,8675
8800,8685
8800,8696
8800,8722
8800,8737
8800,8762
8800,8846
8800,8855
8800,8873
8800,8884
8800,9018
8800,9023
8873,8413
8873,8436
8873,8460
8873,8470
8873,8471
8873,8489
8873,8495
8873,8496
8873,8611
8873,8626
8873,8636
8873,8642
8873,8670
8873,8696
8873,8714
8873,8718
8873,8722
8873,8732
8873,8800
8873,8804
8873,8848
8873,8910
8873,8958
8873,9010
8873,9013
8873,9018
8873,9022
8873,9023
8873,9033
8873,9050
8804,8489
8804,8848
8804,9023
8489,8460
8489,8611
8489,8626
8489,8655
8489,8670
8489,8722
8489,8848
8489,8958
8489,9013
8489,9018
8489,9023
8722,8470
8722,8495
8722,8609
8722,8611
8722,8636
8722,8714
8722,8718
8722,8884
8722,9010
8722,9013
8722,9018
8958,8454
8958,8495
8958,8611
8958,8636
8958,9010
8958,9013
8670,8598
8670,8611
8670,8714
8670,9018
8495,8454
8495,8470
8495,8609
8495,8611
8495,8671
8495,8714
8495,8745
8495,8769
8495,8852
8495,8855
8495,8881
8495,8884
8495,8917
8495,9013
8495,9053
8470,8438
8470,8454
8470,8611
8470,8648
8470,8660
8470,8668
8470,8671
8470,8675
8470,8685
8470,8696
8470,8769
8470,8800
8470,8852
8470,8855
8470,8881
8470,8884
8470,8917
8470,9013
8611,8413
8611,8438
8611,8440
8611,8454
8611,8471
8611,8648
8611,8649
8611,8668
8611,8671
8611,8675
8611,8685
8611,8745
8611,8769
8611,8800
8611,8855
8611,8881
8611,8884
8611,8917
8611,8968
8611,9009
8611,9013
8611,9053
8671,8438
8671,8454
8671,8668
8671,8685
8685,8440
8685,8648
8685,8649
8685,8668
8685,8855
8685,8968
8685,9022
8685,9053
8968,8649
8622,8400
8622,8437
8622,8519
8622,8520
8622,8524
8622,8582
8622,8755
8622,8787
8622,8862
8622,8885
8622,8909
8622,8934
8622,8953
8622,9017
8622,9039
8622,9057
8787,8445
8787,8845
8787,8862
8787,8885
8787,8936
8787,9037
8787,9039
8885,8400
8885,8430
8885,8437
8885,8480
8885,8483
8885,8508
8885,8519
8885,8524
8885,8559
8885,8582
8885,8677
8885,8783
8885,8794
8885,8814
8885,8838
8885,8894
8885,8933
8885,8949
8885,9000
8885,9039
8885,9047
8885,9057
8885,9060
8524,8582
8524,8894
8524,9047
8894,8430
8894,8508
8894,8580
8894,8586
8894,8794
8894,8814
8894,8914
8894,8966
8894,8987
8894,8991
8894,9039
8894,9057
8991,8478
8991,8814
8483,8434
8483,8508
8483,8512
8483,8580
8483,8586
8483,8590
8483,8652
8483,8797
8483,8798
8483,8933
8483,8950
8483,8954
8483,8986
8483,8987
8483,8991
8483,9060
8483,9064
8559,8570
8559,8652
8559,8677
8559,8736
8559,8797
8559,8906
8559,9027
8559,9064
8677,8589
8677,8798
8677,8911
8933,8589
8933,8592
8933,8647
8933,8794
9060,8525
9060,8686
8586,8478
8586,8549
8586,8570
8586,8580
8586,8590
8586,8623
8586,8639
8586,8700
8586,8736
8586,8814
8586,8914
8586,8915
8586,8949
8586,8953
8586,8988
8586,9000
8736,8580
8590,8767
8478,8434
8478,8484
8478,8511
8478,8566
8478,8912
8478,9048
8580,8417
8580,8448
8580,8465
8580,8468
8580,8484
8580,8510
8580,8549
8580,8560
8580,8566
8580,8639
8580,8654
8580,8686
8580,8781
8580,8811
8580,8893
8580,8912
8580,8915
8580,8988
8580,9031
8580,9065
8686,8490
8686,8592
8767,8490
8767,8715
8767,8953
8767,9031
8988,8706
8988,8946
8916,8402
8916,8428
8916,8451
8916,8497
8916,8500
8916,8516
8916,8517
8916,8535
8916,8578
8916,8612
8916,8630
8916,8640
8916,8644
8916,8645
8916,8703
8916,8704
8916,8710
8916,8728
8916,8756
8916,8778
8916,8786
8916,8793
8916,8864
8916,8870
8916,8880
8916,8891
8916,8907
8916,8908
8916,8927
8916,8971
8916,9044
8916,9045
8916,9051
8497,8407
8497,8426
8497,8428
8497,8535
8497,8704
8497,8761
8497,8771
8497,8778
8497,8786
8497,8825
8497,8834
8497,8864
8497,8870
8497,8889
8497,8907
8497,8916
8497,8948
8497,8995
8497,9006
8497,9056
8497,9068
8683,8410
8683,8432
8683,8441
8683,8464
8683,8558
8683,8587
8683,8591
8683,8593
8683,8595
8683,8617
8683,8618
8683,8724
8683,8758
8683,8785
8683,8786
8683,8796
8683,8850
8683,8897
8683,8931
8683,8932
8683,8956
8683,8962
8683,8983
8683,9024
8447,8593
8447,8637
9063,8413
9063,8526
9063,8540
9063,8583
9063,8643
9063,8662
9063,8692
9063,8748
9063,8778
9063,8779
9063,8784
9063,8786
9063,8810
9063,8851
9063,8861
9063,8870
9063,8945
9063,8973
9063,8990
9063,8996
9063,9012
9022,8413
9022,8415
9022,8421
9022,8428
9022,8431
9022,8439
9022,8446
9022,8459
9022,8460
9022,8471
9022,8475
9022,8493
9022,8503
9022,8526
9022,8551
9022,8555
9022,8557
9022,8564
9022,8583
9022,8610
9022,8641
9022,8646
9022,8666
9022,8692
9022,8709
9022,8744
9022,8747
9022,8748
9022,8751
9022,8753
9022,8772
9022,8775
9022,8778
9022,8780
9022,8782
9022,8784
9022,8786
9022,8802
9022,8828
9022,8837
9022,8858
9022,8859
9022,8861
9022,8866
9022,8873
9022,8878
9022,8892
9022,8907
9022,8920
9022,8923
9022,8945
9022,8969
9022,8978
9022,8985
9022,8997
9022,9007
9022,9013
9022,9052
9022,9062
9022,9069
8923,8413
8923,8493
8923,8646
8923,8802
8923,8805
8923,9022
8744,8413
8744,8475
8744,8518
8744,8526
8744,8551
8744,8573
8744,8600
8744,8692
8744,8713
8744,8784
8744,8861
8744,8959
8744,8960
8744,8978
8744,9022
8439,8509
8439,8563
8439,8602
8439,8634
8439,8635
8439,8641
8439,8743
8439,8768
8439,8803
8513,8563
8513,8572
8513,8615
8513,8975
8513,8985
9005,8415
9005,8420
9005,8421
9005,8458
9005,8481
9005,8518
9005,8548
9005,8641
9005,8661
9005,8679
9005,8692
9005,8765
9005,8778
9005,8782
9005,8980
9005,9022
9005,9052
8616,8829
8616,8938
8616,8960
8616,8978
8651,8418
8651,8459
8651,8494
8651,8585
8651,8601
8651,8610
8651,8725
8651,8760
8651,8790
8651,8840
8651,8898
8651,9021
8585,8450
8585,8471
8585,8486
8585,8597
8585,8610
8585,8653
8585,8778
8585,8827
8585,8869
8585,8898
8585,8929
8585,8972
8585,9035
8486,8413
8486,8466
8486,8471
8486,8523
8486,8585
8486,8597
8486,8624
8486,8898
8486,8929
8486,8978
8471,8399
8471,8413
8471,8429
8471,8446
8471,8470
8471,8476
8471,8479
8471,8487
8471,8492
8471,8496
8471,8523
8471,8530
8471,8532
8471,8544
8471,8550
8471,8555
8471,8568
8471,8597
8471,8598
8471,8605
8471,8607
8471,8609
8471,8610
8471,8611
8471,8628
8471,8660
8471,8666
8471,8697
8471,8778
8471,8795
8471,8800
8471,8821
8471,8824
8471,8825
8471,8866
8471,8869
8471,8878
8471,8913
8471,8922
8471,8945
8471,8947
8471,8961
8471,8978
8471,8979
8471,8982
8471,8999
8471,9013
8471,9022
8471,9030
8476,8424
8476,8471
8476,8550
8476,8555
8476,8702
8476,8878
8476,8925
8476,8955
8476,8982
8467,8777
8467,8780
8920,8409
8920,8436
8920,8471
8920,8534
8920,8538
8920,8597
8920,8606
8920,8945
8920,8961
8920,9022
8920,9062
8877,8413
8877,8436
8877,8446
8877,8531
8877,8750
8877,8831
8877,8951
8871,8482
8871,8547
8871,8598
8871,8660
8871,8970
8871,9022
8696,8489
8696,8495
8696,8804
8696,9018
9053,8855
8508,8434
8508,8462
8508,8478
8508,8525
8508,8549
8508,8580
8508,8586
8508,8590
8508,8652
8508,8664
8508,8700
8508,8794
8508,8814
8508,8893
8508,8894
8508,8911
8508,8914
8508,8949
8508,8950
8508,8954
8508,8986
8508,9000
8508,9048
8508,9055
8814,8484
8814,8543
8814,8560
8814,8566
8814,8736
8814,8773
8814,8882
8814,8914
8814,8949
8814,9000
8814,9039
8814,9048
8914,8422
8914,8434
8914,8478
8914,8484
8914,8490
8914,8511
8914,8543
8914,8566
8914,8580
8914,8639
8914,8652
8914,8686
8914,8742
8914,8752
8914,8811
8914,8888
8914,8912
8914,8946
8914,8988
8914,9039
8914,9065
9048,8511
9048,8552
9048,8580
9048,8682
9048,8811
8654,8510
8654,8560
8510,8781
8912,8417
8912,8465
8912,8468
8912,8706
8912,8788
8912,8900
8912,8946
8912,9001
8912,9034
8912,9039
8912,9057
8631,8716
9003,8428
9003,8435
9003,8529
9003,8637
9003,8810
9003,8820
9003,8850
9003,8851
9003,8870
9003,8945
9003,8990
9003,9054
9003,9063
8637,8413
8637,8428
8637,8521
8637,8529
8637,8540
8637,8583
8637,8617
8637,8810
8637,8851
8637,8990
8637,9063
9012,8493
9012,8583
9012,8643
9012,8748
9012,8774
9012,8973
9012,9022
8615,8548
8615,8563
8615,8599
8615,8619
8615,8634
8615,8680
8615,8689
8615,8693
8615,8751
8615,8817
8615,8828
8615,8853
8615,8975
8615,9005
8903,8413
8903,8424
8903,8476
8903,8574
8903,8673
8903,8697
8903,8702
8903,8821
8903,8892
8903,8997
8903,9008
8903,9035
8903,9062
8855,8440
8855,8649
8855,8836
8855,8848
8855,8968
8855,9009
8511,8533
8789,8709
8789,8818
8789,8890
8789,8957
8789,9029
9042,8887
8742,8405
8742,8417
8742,8419
8742,8781
8742,8801
8742,8912
8742,8946
8560,8682
8560,8781
8416,8442
8416,8621
8416,8900
8416,9014
8621,8716
9038,8716
9038,8759
9038,8900
9038,8905
8716,8650
8716,8759
8716,8788
8716,8904
8716,8941
8594,8428
8594,8500
8594,8517
8594,8620
8594,8683
8594,8710
8594,8805
8594,8927
8779,8493
8779,8583
8779,8923
8779,8945
8779,9022
8509,8503
8509,8513
8509,8563
8509,8599
8509,8615
8509,8634
8509,8635
8509,8638
8509,8659
8509,8693
8509,8698
8509,8711
8509,8743
8509,8803
8509,8817
8509,8828
8509,8945
8509,8975
8509,8985
8633,8548
8633,8661
8633,8679
8633,8681
8633,8693
8633,8751
8633,8980
8633,9019
9019,8413
9019,8518
9019,8765
9019,8980
9019,9005
8538,8534
8538,8877
8538,9013
8496,8454
8496,8611
8496,8648
8437,8794
8437,8885
8437,9037
8437,9057
8783,8542
8783,8559
8783,8586
8783,8647
8783,8677
8783,8906
8783,8914
8783,8933
8783,8987
8783,9000
8783,9064
9064,8462
8986,8448
8986,8915
8434,8417
8434,8465
8434,8484
8434,8490
8434,8742
8434,8912
8434,9039
8434,9065
9065,8484
9065,9031
8422,8405
8811,8552
8811,8888
8640,8500
8640,8587
8640,8594
8640,8683
8640,8710
8640,8756
8640,8758
8640,8786
8640,8805
8640,8927
8640,8967
8640,9006
8432,8464
8432,8469
8432,8558
8432,8593
8432,8785
8432,8850
8432,8945
8432,8962
8432,8983
8432,9003
8432,9024
8593,8447
8593,8517
8593,8581
8593,8595
8593,8612
8593,8618
8593,8676
8593,8684
8593,8765
8593,8796
8593,8799
8593,8820
8593,8825
8593,8849
8593,8850
8593,8872
8593,8907
8593,8945
8593,9003
8593,9054
8503,8413
8503,8439
8503,8509
8503,8563
8503,8615
8503,8634
8503,8638
8503,8641
8503,8692
8503,8698
8503,8705
8503,8709
8503,8711
8503,8743
8503,8768
8503,8803
8503,8822
8503,8828
8503,8859
8503,8907
8503,8927
8503,8945
8503,8985
8503,9022
8503,9025
8693,8501
8693,8503
8693,8513
8693,8548
8693,8615
8693,8635
8693,8659
8693,8707
8693,8711
8693,8743
8693,8751
8693,8786
8693,8815
8693,8860
8693,8975
8693,8980
8693,9005
8693,9019
8693,9022
8634,8501
8634,8599
8634,8641
8634,8679
8634,8680
8634,8681
8634,8692
8634,8817
8634,8828
8634,8975
8634,8985
8415,8413
8415,8414
8415,8420
8415,8528
8415,8548
8415,8707
8415,8711
8415,8751
8415,8753
8415,8765
8415,8816
8415,8829
8415,8830
8415,8850
8415,8926
8415,8945
8415,8985
8415,8994
8415,9046
8765,8413
8765,8420
8765,8428
8765,8528
8765,8548
8765,8690
8765,8753
8765,8778
8765,8786
8765,8805
8765,8816
8765,8828
8765,8829
8765,8994
8481,8403
8481,8473
8481,8475
8481,8617
8481,8681
8481,8744
8481,8829
8481,8960
8481,8978
9025,8459
9025,8632
9025,8651
9025,8658
9025,8705
9025,8751
9025,8753
9025,8824
9025,8921
9025,9011
9025,9022
9025,9046
9046,8421
9046,8443
9046,8557
9046,8690
9046,8730
9046,8782
9046,8786
9046,8825
9046,8994
9046,9052
8597,8413
8597,8446
8597,8459
8597,8471
8597,8610
8597,8651
8597,8666
8597,8695
8597,8725
8597,8760
8597,8778
8597,8824
8597,8877
8597,8878
8597,8961
8597,8972
8597,8978
8597,8997
8597,9013
8597,9022
8949,8419
8949,8490
8949,8580
8949,8652
8949,8752
8949,8912
8949,8950
8891,8500
8891,8630
8891,8640
8891,8704
8891,8756
8891,8786
8891,8805
8652,8405
8652,8417
8652,8419
8652,8434
8652,8484
8652,8490
8652,8566
8652,8580
8652,8639
8652,8686
8652,8752
8652,8912
8493,8413
8493,8428
8493,8431
8493,8779
8493,8802
8493,8850
8493,8923
8493,8945
8493,8973
8493,9022
8862,8519
8862,8835
8400,8483
8400,8519
8400,8559
8400,8814
8480,8512
8480,8798
9000,8434
9000,8478
9000,8484
9000,8506
9000,8533
9000,8566
9000,8570
9000,8580
9000,8590
9000,8592
9000,8639
9000,8652
9000,8742
9000,8752
9000,8767
9000,8773
9000,8906
9000,8914
9000,8949
9000,8950
9000,9048
9000,9057
9000,9065
8549,8448
8549,8592
8549,8767
8549,8813
8419,8417
8419,8465
8419,8613
8419,8912
8472,8786
8472,8948
8535,9051
8786,8402
8786,8413
8786,8415
8786,8428
8786,8451
8786,8500
8786,8516
8786,8517
8786,8563
8786,8569
8786,8587
8786,8591
8786,8593
8786,8612
8786,8617
8786,8618
8786,8630
8786,8634
8786,8640
8786,8645
8786,8657
8786,8704
8786,8709
8786,8743
8786,8751
8786,8756
8786,8765
8786,8778
8786,8805
8786,8825
8786,8839
8786,8850
8786,8858
8786,8870
8786,8891
8786,8907
8786,8908
8786,8931
8786,8932
8786,8945
8786,8956
8786,8959
8786,8962
8786,8971
8786,8978
8786,8992
8786,8996
8786,9003
8786,9006
8786,9022
8786,9043
8786,9044
8786,9045
8786,9046
8612,8516
8612,8581
8612,8637
8612,8766
8612,8796
8612,8810
8612,8945
8612,9003
8612,9063
8641,8415
8641,8503
8641,8509
8641,8602
8641,8614
8641,8638
8641,8692
8641,8693
8641,8698
8641,8709
8641,8711
8641,8743
8641,8768
8641,8778
8641,8786
8641,8803
8680,8548
8680,8563
8680,8633
8680,8693
8680,8707
8680,8815
8680,9005
8782,8403
8782,8406
8782,8413
8782,8473
8782,8475
8782,8481
8782,8514
8782,8617
8782,8665
8782,8690
8782,8692
8782,8744
8782,8751
8782,8778
8782,8829
8782,8870
8782,8959
8782,8960
8782,8978
8782,8994
8782,9022
8782,9025
8557,8466
8557,8475
8557,9059
8688,8489
8688,8735
8688,8873
8688,8920
8454,8471
8454,8648
8454,8668
8454,8685
8454,8836
8454,8855
8454,8917
8454,8945
8454,8968
8454,9053
8909,8845
8909,8934
8909,8936
8909,9017
8909,9037
8948,8428
8948,8645
8948,8740
8948,8778
8948,8786
8948,8864
8948,8916
8967,8558
8967,8618
8967,8758
8967,8785
8967,8932
8967,8945
8617,8413
8617,8785
8617,8962
8617,9024
8785,8593
8785,8720
8785,8749
8785,8850
8785,8945
8785,8962
8785,8983
8785,9003
8457,8421
8457,9052
8523,8429
8523,8471
8523,8476
8523,8544
8523,8554
8523,8610
8523,8627
8523,8830
8523,8878
8523,8925
8523,8978
8523,8982
8523,8999
8523,9002
8664,8434
8664,8986
8740,8428
8740,8463
8740,8497
8740,8516
8740,8517
8740,8535
8740,8703
8740,8864
8740,8891
8740,8908
8740,8916
8740,9045
8500,8410
8500,8428
8500,8456
8500,8516
8500,8517
8500,8527
8500,8587
8500,8594
8500,8618
8500,8620
8500,8640
8500,8663
8500,8683
8500,8704
8500,8710
8500,8746
8500,8756
8500,8758
8500,8766
8500,8786
8500,8805
8500,8870
8500,8897
8500,8927
8500,8931
8500,8956
8500,8993
8500,9006
8805,8410
8805,8413
8805,8428
8805,8469
8805,8497
8805,8503
8805,8516
8805,8526
8805,8527
8805,8546
8805,8587
8805,8618
8805,8638
8805,8683
8805,8772
8805,8778
8805,8786
8805,8874
8805,8907
8805,8931
8805,8932
8805,8945
8805,8956
8805,8962
8805,8967
8805,8983
8805,8985
8805,8993
8805,9052
8702,8424
8702,8452
8702,8532
8702,8821
8702,9026
9057,8430
9057,8478
9057,8652
9057,8664
9057,8736
9057,8797
9057,8838
9057,8914
9057,8953
9057,8991
9057,9000
8728,8500
8728,8516
8728,8630
8728,8640
8728,8704
8728,8963
8569,8630
8569,8640
8516,8428
8516,8500
8516,8517
8516,8527
8516,8565
8516,8587
8516,8630
8516,8640
8516,8645
8516,8663
8516,8710
8516,8756
8516,8870
8516,8891
8516,8956
8516,8962
8516,8963
8516,9044
8791,8546
8791,8691
8791,8692
8791,8709
8791,9069
8602,8638
8669,8404
8669,8439
8669,8563
8669,8615
8619,8563
8458,8413
8458,8415
8458,8528
8458,8753
8458,8994
8507,8616
8507,8829
8507,8978
8921,8459
8921,8466
8921,8597
8921,8632
8921,8651
8921,8658
8921,8984
8492,8401
8492,8471
8492,8499
8492,8555
8492,8561
8492,8584
8492,8701
8492,8866
8492,8899
8697,8413
8697,8424
8697,8452
8697,8673
8697,8702
8697,8821
8697,9008
8673,8409
8673,8413
8673,8424
8673,8471
8673,8476
8673,8532
8673,8555
8673,8561
8673,8763
8673,8821
8673,8878
8673,8927
8673,8945
8821,8424
8821,8446
8821,8467
8821,8532
8821,8555
8821,8763
8821,8856
8821,8927
8821,9026
8821,9062
9026,8531
9026,8532
9026,8750
9026,8831
9026,8919
9026,8951
8436,8561
8436,8688
8436,8831
8436,8920
8436,8951
8606,8446
8606,8545
8606,8831
8606,8877
8606,9013
8953,8519
8953,8652
8953,8845
8953,8906
8953,9000
8953,9047
8953,9057
8706,8465
8455,8517
8455,8832
8455,8957
8630,8410
8630,8428
8630,8451
8630,8456
8630,8500
8630,8517
8630,8587
8630,8594
8630,8620
8630,8640
8630,8644
8630,8656
8630,8663
8630,8683
8630,8704
8630,8710
8630,8724
8630,8746
8630,8756
8630,8770
8630,8786
8630,8805
8630,8870
8630,8927
8630,8931
8630,8937
8630,8948
8630,8956
8630,8967
8630,8993
8952,8973
8952,9022
8863,8959
8927,8413
8927,8428
8927,8432
8927,8456
8927,8500
8927,8516
8927,8517
8927,8558
8927,8591
8927,8663
8927,8673
8927,8683
8927,8746
8927,8766
8927,8785
8927,8786
8927,8805
8927,8850
8927,8861
8927,8870
8927,8897
8927,8931
8927,8945
8927,8956
8927,8962
8927,8967
8927,8993
8976,8951
8769,8413
8769,8454
8769,8470
8769,8648
8769,8668
8769,8800
8769,8855
8769,8884
8769,8917
8533,8405
8533,8419
8653,8486
8653,8597
8653,8624
8653,8827
8653,8869
8653,8929
8653,8978
8969,8476
8969,8550
8969,8574
8969,8697
8969,8997
8969,9062
8456,8432
8456,8587
8456,8683
8456,8956
8456,8962
8431,8413
8431,8812
8431,8837
8431,8907
8431,9022
8930,8503
8930,8709
8930,8839
8930,8859
8659,8563
8659,8711
8659,8743
8926,8421
8926,8918
8926,8978
8926,9052
8925,8492
8925,8530
8925,8555
8925,8866
8925,8867
8925,8899
8925,8955
8925,8985
9017,8437
9017,8445
9017,8845
9017,8987
9017,9037
8798,8506
8798,8543
8798,9027
8426,8704
8426,8740
8426,8771
8426,8834
8426,8870
8426,8907
8426,8992
8426,8995
8719,8704
8719,8728
8719,8761
8719,8895
8719,8995
8889,8428
8889,8569
8889,9015
8663,8618
8663,8620
8663,8785
8663,8805
8663,8897
8663,8931
8663,8956
8663,8962
8464,8962
8812,8692
8812,8837
8812,8850
8812,8861
8812,9022
8860,8518
8860,9019
8661,8415
8661,8711
8661,8753
8661,8765
8661,8980
8661,9005
8934,8430
8934,8437
8934,8445
8934,8483
8934,8508
8934,8524
8934,8787
8934,8794
8934,8807
8934,8845
8934,8862
8934,8885
8934,8894
8934,8936
8934,8953
8934,8991
8934,9017
8934,9037
8934,9057
8643,8493
8643,8870
8643,8952
8643,8973
8643,8996
8643,9022
8643,9067
8672,8461
8672,8839
9050,8536
9050,8670
9050,8722
9050,8776
9050,8873
8684,9003
8601,8733
8601,8840
8601,8972
9027,8434
9027,8580
8887,8578
8887,8916
8746,8962
9054,8413
9054,8517
9054,8521
9054,8529
9054,8540
9054,8618
9054,8637
9054,8734
9054,8810
9054,8850
9054,8945
9054,8956
9054,8990
9054,9063
9035,9062
8764,8666
8764,8824
8729,8875
8729,8997
9068,8771
9068,8870
8771,8425
8771,8428
8771,8704
8771,8719
8771,8740
8771,8761
8771,8865
8771,8870
8771,8889
8771,8895
8771,8907
8771,8916
8771,8995
8771,9006
8771,9049
8931,8410
8931,8428
8931,8432
8931,8527
8931,8558
8931,8587
8931,8618
8931,8704
8931,8785
8931,8850
8931,8932
8931,8956
8931,8962
8784,8526
8784,8573
8784,8692
8784,8839
8784,8861
8784,8945
8985,8413
8985,8415
8985,8420
8985,8421
8985,8458
8985,8518
8985,8563
8985,8633
8985,8661
8985,8679
8985,8681
8985,8689
8985,8692
8985,8693
8985,8707
8985,8786
8985,8815
8985,8828
8985,8850
8985,8866
8985,8907
8985,8927
8985,8945
8985,8975
8985,8980
8985,9005
8985,9019
8678,8575
8501,8415
8501,8420
8501,8518
8501,8753
8501,8765
8501,9005
8568,8878
8568,9035
8848,8460
8848,8470
8848,8495
8848,8655
8848,8660
8848,8722
8848,8958
8848,9013
8848,9018
8609,8454
8609,8611
8890,8455
8890,8575
9037,8885
9037,9039
9037,9047
8494,8418
8494,8450
8494,8585
8494,8601
8494,8868
8494,8972
8494,9021
8399,8471
8999,8429
8999,8878
8999,8925
8999,8982
8429,8476
8429,8554
8429,8627
8429,8925
8584,8866
8792,8401
8792,8471
8792,8491
8792,8701
8792,8778
8792,8826
8792,8945
8883,8697
8883,8903
8818,8455
8818,8575
8818,8604
8818,8709
8818,8890
8818,8957
8818,9029
8553,8428
8553,8516
8553,8778
8880,8402
8880,8500
8880,8517
8880,8645
8595,8799
8581,8990
8551,8526
8551,8692
8551,8784
8546,8537
8546,8564
8546,8596
8546,8691
8546,8692
8546,8709
8546,8803
8546,8858
8546,9069
8768,8509
8768,8599
8768,8615
8768,8635
8768,8641
8768,8693
8768,8711
8768,8743
8768,8803
8635,8563
8635,8743
8635,8975
8698,8503
8698,8563
8698,8817
8698,8859
8420,8413
8420,8473
8420,8528
8420,8548
8420,8690
8420,8751
8420,8753
8420,8816
8420,8829
8420,8830
8420,8850
8420,8994
8420,9005
8420,9046
8420,9052
8406,8475
8406,8481
8406,8514
8406,8616
8406,8751
8406,8829
8406,8978
8518,8413
8518,8415
8518,8420
8518,8528
8518,8753
8518,8765
8518,8828
8518,8960
8518,8975
8518,8994
8725,8585
8725,8610
8725,8840
8725,8972
8922,8471
8922,8487
8922,8610
8701,8446
8701,8471
8701,8479
8701,8491
8701,8555
8701,8597
8701,8666
8701,8824
8701,8826
8701,8944
8944,8471
8944,8826
8824,8413
8824,8427
8824,8446
8824,8459
8824,8471
8824,8523
8824,8610
8824,8651
8824,8666
8824,8695
8824,8778
8824,9021
8824,9022
8777,8436
8777,8561
8777,8920
8777,8961
8777,9004
8942,8471
8942,8505
8942,8536
8942,8547
8942,8576
8942,8577
8942,8598
8942,8603
8942,8688
8942,8722
8942,8731
8942,8737
8942,8776
8942,8800
8942,8844
8942,8873
8942,8879
8942,8965
8942,8970
8942,9013
8942,9058
8942,9062
8506,8623
8402,8456
8402,8500
8402,8517
8402,8565
8402,8630
8402,8640
8402,8645
8402,8756
8402,8793
8402,8927
8402,9044
8558,8441
8558,8593
8558,8774
8558,8785
8558,8945
8558,8962
8558,8983
8441,8749
8441,8850
8441,8956
8441,8962
8837,8413
8837,8526
8837,8551
8837,8573
8837,8600
8837,8692
8837,8713
8837,8744
8837,8778
8837,8784
8837,8839
8837,8850
8837,8861
8837,8945
8837,9022
8837,9063
8564,8537
8564,8596
8564,8709
8564,8778
8564,9069
8608,8461
8608,8709
8608,8858
8608,8907
8980,8413
8980,8415
8980,8420
8980,8458
8980,8692
8980,8711
8980,8753
8980,8816
8980,8850
8980,8945
8459,8504
8459,8568
8459,8610
8459,8725
8459,8760
8459,8778
8459,8840
8459,8898
8459,8978
8459,9021
8955,8555
8955,8866
8884,8438
8884,8454
8884,8648
8884,8668
8884,8671
8884,8855
8884,8881
8884,8917
8943,8407
8943,8426
8943,8497
8943,8704
8943,8719
8943,8761
8943,8771
8943,8870
8943,8895
8943,8907
8943,8916
8943,8992
8943,9006
8596,8858
8596,8945
8527,8962
8527,9024
8662,8617
8662,8850
8713,8526
8713,8692
8713,8870
8713,8945
8822,8859
8403,8413
8403,8518
8403,8681
8403,8711
8403,8829
8403,8863
8403,8959
8403,8960
8403,8978
8588,8849
8588,8850
8987,8508
8605,8399
8474,8466
9029,8575
9029,8709
9029,8957
8758,8432
8758,8874
8758,8932
8758,8962
8614,8503
8614,8509
8614,8638
8614,8768
8689,8619
8689,8693
8689,8828
8689,8975
8689,8985
8514,8829
8514,8960
8705,8459
8705,8597
8705,8610
8705,8632
8705,8651
8705,8753
8705,8760
8705,8978
8705,8984
8982,8429
8982,8471
8982,8554
8982,8878
8982,8899
8982,8913
8982,8925
8982,8955
8982,9022
8886,8471
8886,8666
8886,8695
8886,8824
8738,8531
8738,8831
8531,8471
8531,8628
8531,8718
8531,8750
8531,8831
8531,8871
8531,8951
8531,8976
8531,9013
8531,9020
8750,8628
8750,8660
8750,8841
8750,8871
8750,8940
8750,8951
8876,8502
8876,8737
8876,8873
8876,9022
8737,8502
8737,8696
8737,8848
8737,8873
8737,8958
8737,9010
8668,8454
8668,8648
8668,8649
8668,8848
8668,8855
8668,8917
8668,9053
8989,9019
8408,8428
8408,8517
8408,8786
8408,8916
9016,8973
9011,8568
9011,8597
9011,8632
9011,8705
9011,8984
8760,8494
8760,8585
8760,8610
8760,8840
8760,8898
8760,9021
8892,8413
8892,8476
8892,8673
8892,8702
8892,8821
8892,9062
9041,9004
8545,8531
8970,8502
8970,8547
8970,8598
8970,8603
8970,8731
8970,8737
8970,8800
8970,8844
8970,8873
8970,8879
8970,8965
8965,8547
9033,8495
9033,8848
9018,8413
9018,8470
9018,8471
9018,8495
9018,8496
9018,8611
9018,8636
9018,8714
9018,8718
9018,9010
8852,8648
8881,8454
8881,8648
8881,8668
8881,8671
8881,8685
8881,8855
8881,8917
8834,8428
8834,8630
8834,8740
8834,9045
8757,8903
8724,8962
8913,8492
8913,8866
8401,8446
8401,8701
9030,8523
9030,8830
9030,8878
9030,8982
8695,8411
8695,8446
8695,8476
8695,8515
8695,8674
8695,8997
8977,8969
8658,8459
8658,8632
8658,8651
8658,8984
8658,9011
9015,8428
9015,8786
9015,8864
9015,8916
8730,8782
8674,8673
8409,9062
8839,8461
8839,8503
8839,8526
8839,8692
8839,8822
8839,8859
9007,8413
8803,8503
8803,8537
8803,8564
8803,8596
8803,8615
8803,8634
8803,8638
8803,8669
8803,8691
8803,8692
8803,8693
8803,8709
8803,8743
8803,8850
8803,8858
8803,9069
8613,8716
8613,8900
8613,9001
8950,8906
8950,8914
8950,8953
8707,8415
8707,8458
8707,8661
8707,8765
8707,8778
8707,8825
8707,8907
8707,8927
8707,8985
8707,9005
8541,8782
8541,8850
8541,8870
8541,8978
8541,9022
8990,8413
8990,8540
8990,8583
8990,8662
8990,8734
8990,8748
8990,8774
8990,8850
8990,9063
8917,8454
8917,8668
8917,8685
8917,8855
8917,9053
8646,8413
8646,8744
8646,8812
8646,8837
8646,9022
8655,8555
8655,8574
8655,8673
8655,8757
8655,8821
8655,8903
8502,8642
8502,8873
8642,8489
8642,8722
8642,8958
8675,8778
8440,8968
8451,8594
8451,8756
8897,8432
8897,8587
8956,8410
8956,8428
8956,8432
8956,8441
8956,8517
8956,8587
8956,8704
8956,8758
8956,8774
8956,8785
8956,8825
8956,8850
8956,8870
8956,8932
8956,8945
8956,8962
8956,8983
8956,9003
8874,8617
8874,8962
8676,9054
8676,9063
8404,8599
8404,8707
8404,8743
8404,8975
8479,8666
8479,8695
8479,8886
8961,8409
8961,8436
8961,8446
8961,8531
8961,8545
8961,8673
8961,8738
8961,8778
8961,8877
8961,8920
8961,8964
8961,9013
8961,9022
8460,8470
8460,8611
8460,8636
8648,8440
8648,8649
8648,8836
8648,8855
8648,8968
8648,9009
8648,9053
8530,8471
8530,8492
8530,8555
8530,8866
8754,8705
8754,8863
8499,8555
8499,8701
8499,8866
8679,8661
8679,8927
8997,8411
8997,8413
8997,8550
8997,8597
8997,8666
8997,8878
8997,8903
8851,8413
8851,8870
8851,8974
8851,8990
8851,9012
8544,8487
8544,8523
8544,8607
8544,8922
8544,9030
9043,8803
8875,8471
8875,8878
9040,8832
8607,8476
8720,8945
8720,8962
8867,8866
8572,8619
8572,8633
8572,8985
9004,8436
9004,8471
9004,8673
9004,8920
8849,8850
8515,8411
8515,8729
8802,8646
8802,8786
8802,8805
8802,9007
9024,8412
9024,8588
9024,8593
9024,8850
9024,8939
9024,8962
9024,9054
8865,8704
8865,8864
8865,8870
8865,8907
8865,8916
8865,9042
8628,8576
8628,8577
8628,8606
8628,8660
8628,8841
8628,8879
8628,8942
8628,8981
8628,9013
9010,8495
9010,8611
9010,8636
8919,8777
8919,8780
8919,8961
8919,9004
8919,9041
8587,8432
8587,8449
8587,8517
8587,8558
8587,8588
8587,8593
8587,8618
8587,8778
8587,8874
8587,8932
8587,8939
8587,8962
8587,9024
8895,8630
8825,8413
8825,8428
8825,8471
8825,8563
8825,8618
8825,8681
8825,8692
8825,8710
8825,8743
8825,8753
8825,8761
8825,8765
8825,8786
8825,8809
8825,8850
8825,8865
8825,8870
8825,8907
8825,8927
8825,8945
8825,8985
8825,8996
8825,9006
8410,8587
8410,8962
8656,8500
8766,8932
8974,9016
9067,8493
9067,9022
8665,8557
8841,8547
8841,8660
8841,8808
8841,8854
8841,8901
8841,8910
8841,8998
8854,8879
8854,8901
8854,8942
8854,8970
8854,9058
8626,8495
8626,8496
8626,8611
8626,8670
8626,9010
8714,8454
8714,8470
8714,8611
8714,8668
8714,8769
8714,8800
8714,8855
8714,8881
8438,8648
8521,8945
8776,8489
8776,8505
8776,8688
8776,8722
8776,8735
8776,8737
8776,8762
8776,8848
8776,8873
8776,8876
8776,9022
8776,9023
8762,8722
8505,8873
9066,8413
8843,8532
8718,8648
8718,8660
8718,8714
8718,8844
8718,8855
8718,8871
8529,8413
8529,8617
8529,8810
8529,8851
8529,9066
8774,8785
8774,8973
8537,8461
8537,8596
8537,8858
8537,8930
8938,8959
8414,8528
8414,8562
8414,8690
8414,8782
9059,9025
8624,8523
8624,8610
8452,8821
8964,8436
8964,9062
8981,8660
8910,8547
8731,8800
8731,8873
8636,8454
8636,8470
8636,8495
8636,8496
8636,8611
8636,8668
8636,8714
8636,8769
8636,8800
8636,8881
8556,8868
8600,8692
8600,8784
8600,8861
8600,9043
8632,8459
8632,8504
8632,8597
8632,8610
8632,8651
8632,8824
8632,8984
8763,8444
8763,8467
8763,8532
8763,8555
8763,8780
8763,8843
9009,8968
8450,8486
8450,8653
8450,8972
8627,8867
8554,8530
8795,8878
8795,8978
8795,8982
8795,8999
8565,8630
9023,8470
9023,8611
9023,8718
9023,9018
8443,8421
8896,8959
8896,8978
8833,8789
9008,8424
9008,8673
9008,8702
9008,8821
8504,8459
8504,8610
8504,8760
8504,8978
8469,8962
8998,8547
8998,8901
8998,9050
8998,9058
8604,8455
8604,8575
8604,8957
8444,9041
8733,8869
8620,8785
8620,8805
8620,8962
8772,8413
8772,8526
8772,8692
8772,8744
8772,8837
8667,8789
8667,8832
8427,8666
8902,8455
8902,8517
8902,8575
8449,9024
