8399,8399
8400,8400
8401,8401
8402,8402
8403,8403
8404,8404
8405,8405
8406,8406
8407,8407
8408,8408
8409,8409
8410,8410
8411,8411
8412,8412
8413,8413
8414,8414
8415,8415
8416,8416
8417,8417
8418,8418
8419,8419
8420,8420
8421,8421
8422,8422
8423,8423
8424,8424
8425,8425
8426,8426
8427,8427
8428,8428
8429,8429
8430,8430
8431,8431
8432,8432
8433,8433
8434,8434
8435,8435
8436,8436
8437,8437
8438,8438
8439,8439
8440,8440
8441,8441
8442,8442
8443,8443
8444,8444
8445,8445
8446,8446
8447,8447
8448,8448
8449,8449
8450,8450
8451,8451
8452,8452
8453,8453
8454,8454
8455,8455
8456,8456
8457,8457
8458,8458
8459,8459
8460,8460
8461,8461
8462,8462
8463,8463
8464,8464
8465,8465
8466,8466
8467,8467
8468,8468
8469,8469
8470,8470
8471,8471
8472,8472
8473,8473
8474,8474
8475,8475
8476,8476
8477,8477
8478,8478
8479,8479
8480,8480
8481,8481
8482,8482
8483,8483
8484,8484
8485,8485
8486,8486
8487,8487
8488,8488
8489,8489
8490,8490
8491,8491
8492,8492
8493,8493
8494,8494
8495,8495
8496,8496
8497,8497
8498,8498
8499,8499
8500,8500
8501,8501
8502,8502
8503,8503
8504,8504
8505,8505
8506,8506
8507,8507
8508,8508
8509,8509
8510,8510
8511,8511
8512,8512
8513,8513
8514,8514
8515,8515
8516,8516
8517,8517
8518,8518
8519,8519
8520,8520
8521,8521
8522,8522
8523,8523
8524,8524
8525,8525
8526,8526
8527,8527
8528,8528
8529,8529
8530,8530
8531,8531
8532,8532
8533,8533
8534,8534
8535,8535
8536,8536
8537,8537
8538,8538
8539,8539
8540,8540
8541,8541
8542,8542
8543,8543
8544,8544
8545,8545
8546,8546
8547,8547
8548,8548
8549,8549
8550,8550
8551,8551
8552,8552
8553,8553
8554,8554
8555,8555
8556,8556
8557,8557
8558,8558
8559,8559
8560,8560
8561,8561
8562,8562
8563,8563
8564,8564
8565,8565
8566,8566
8567,8567
8568,8568
8569,8569
8570,8570
8571,8571
8572,8572
8573,8573
8574,8574
8575,8575
8576,8576
8577,8577
8578,8578
8579,8579
8580,8580
8581,8581
8582,8582
8583,8583
8584,8584
8585,8585
8586,8586
8587,8587
8588,8588
8589,8589
8590,8590
8591,8591
8592,8592
8593,8593
8594,8594
8595,8595
8596,8596
8597,8597
8598,8598
8599,8599
8600,8600
8601,8601
8602,8602
8603,8603
8604,8604
8605,8605
8606,8606
8607,8607
8608,8608
8609,8609
8610,8610
8611,8611
8612,8612
8613,8613
8614,8614
8615,8615
8616,8616
8617,8617
8618,8618
8619,8619
8620,8620
8621,8621
8622,8622
8623,8623
8624,8624
8625,8625
8626,8626
8627,8627
8628,8628
8629,8629
8630,8630
8631,8631
8632,8632
8633,8633
8634,8634
8635,8635
8636,8636
8637,8637
8638,8638
8639,8639
8640,8640
8641,8641
8642,8642
8643,8643
8644,8644
8645,8645
8646,8646
8647,8647
8648,8648
8649,8649
8650,8650
8651,8651
8652,8652
8653,8653
8654,8654
8655,8655
8656,8656
8657,8657
8658,8658
8659,8659
8660,8660
8661,8661
8662,8662
8663,8663
8664,8664
8665,8665
8666,8666
8667,8667
8668,8668
8669,8669
8670,8670
8671,8671
8672,8672
8673,8673
8674,8674
8675,8675
8676,8676
8677,8677
8678,8678
8679,8679
8680,8680
8681,8681
8682,8682
8683,8683
8684,8684
8685,8685
8686,8686
8687,8687
8688,8688
8689,8689
8690,8690
8691,8691
8692,8692
8693,8693
8694,8694
8695,8695
8696,8696
8697,8697
8698,8698
8699,8699
8700,8700
8701,8701
8702,8702
8703,8703
8704,8704
8705,8705
8706,8706
8707,8707
8708,8708
8709,8709
8710,8710
8711,8711
8712,8712
8713,8713
8714,8714
8715,8715
8716,8716
8717,8717
8718,8718
8719,8719
8720,8720
8721,8721
8722,8722
8723,8723
8724,8724
8725,8725
8726,8726
8727,8727
8728,8728
8729,8729
8730,8730
8731,8731
8732,8732
8733,8733
8734,8734
8735,8735
8736,8736
8737,8737
8738,8738
8739,8739
8740,8740
8741,8741
8742,8742
8743,8743
8744,8744
8745,8745
8746,8746
8747,8747
8748,8748
8749,8749
8750,8750
8751,8751
8752,8752
8753,8753
8754,8754
8755,8755
8756,8756
8757,8757
8758,8758
8759,8759
8760,8760
8761,8761
8762,8762
8763,8763
8764,8764
8765,8765
8766,8766
8767,8767
8768,8768
8769,8769
8770,8770
8771,8771
8772,8772
8773,8773
8774,8774
8775,8775
8776,8776
8777,8777
8778,8778
8779,8779
8780,8780
8781,8781
8782,8782
8783,8783
8784,8784
8785,8785
8786,8786
8787,8787
8788,8788
8789,8789
8790,8790
8791,8791
8792,8792
8793,8793
8794,8794
8795,8795
8796,8796
8797,8797
8798,8798
8799,8799
8800,8800
8801,8801
8802,8802
8803,8803
8804,8804
8805,8805
8806,8806
8807,8807
8808,8808
8809,8809
8810,8810
8811,8811
8812,8812
8813,8813
8814,8814
8815,8815
8816,8816
8817,8817
8818,8818
8819,8819
8820,8820
8821,8821
8822,8822
8823,8823
8824,8824
8825,8825
8826,8826
8827,8827
8828,8828
8829,8829
8830,8830
8831,8831
8832,8832
8833,8833
8834,8834
8835,8835
8836,8836
8837,8837
8838,8838
8839,8839
8840,8840
8841,8841
8842,8842
8843,8843
8844,8844
8845,8845
8846,8846
8847,8847
8848,8848
8849,8849
8850,8850
8851,8851
8852,8852
8853,8853
8854,8854
8855,8855
8856,8856
8857,8857
8858,8858
8859,8859
8860,8860
8861,8861
8862,8862
8863,8863
8864,8864
8865,8865
8866,8866
8867,8867
8868,8868
8869,8869
8870,8870
8871,8871
8872,8872
8873,8873
8874,8874
8875,8875
8876,8876
8877,8877
8878,8878
8879,8879
8880,8880
8881,8881
8882,8882
8883,8883
8884,8884
8885,8885
8886,8886
8887,8887
8888,8888
8889,8889
8890,8890
8891,8891
8892,8892
8893,8893
8894,8894
8895,8895
8896,8896
8897,8897
8898,8898
8899,8899
8900,8900
8901,8901
8902,8902
8903,8903
8904,8904
8905,8905
8906,8906
8907,8907
8908,8908
8909,8909
8910,8910
8911,8911
8912,8912
8913,8913
8914,8914
8915,8915
8916,8916
8917,8917
8918,8918
8919,8919
8920,8920
8921,8921
8922,8922
8923,8923
8924,8924
8925,8925
8926,8926
8927,8927
8928,8928
8929,8929
8930,8930
8931,8931
8932,8932
8933,8933
8934,8934
8935,8935
8936,8936
8937,8937
8938,8938
8939,8939
8940,8940
8941,8941
8942,8942
8943,8943
8944,8944
8945,8945
8946,8946
8947,8947
8948,8948
8949,8949
8950,8950
8951,8951
8952,8952
8953,8953
8954,8954
8955,8955
8956,8956
8957,8957
8958,8958
8959,8959
8960,8960
8961,8961
8962,8962
8963,8963
8964,8964
8965,8965
8966,8966
8967,8967
8968,8968
8969,8969
8970,8970
8971,8971
8972,8972
8973,8973
8974,8974
8975,8975
8976,8976
8977,8977
8978,8978
8979,8979
8980,8980
8981,8981
8982,8982
8983,8983
8984,8984
8985,8985
8986,8986
8987,8987
8988,8988
8989,8989
8990,8990
8991,8991
8992,8992
8993,8993
8994,8994
8995,8995
8996,8996
8997,8997
8998,8998
8999,8999
9000,9000
9001,9001
9002,9002
9003,9003
9004,9004
9005,9005
9006,9006
9007,9007
9008,9008
9009,9009
9010,9010
9011,9011
9012,9012
9013,9013
9014,9014
9015,9015
9016,9016
9017,9017
9018,9018
9019,9019
9020,9020
9021,9021
9022,9022
9023,9023
9024,9024
9025,9025
9026,9026
9027,9027
9028,9028
9029,9029
9030,9030
9031,9031
9032,9032
9033,9033
9034,9034
9035,9035
9036,9036
9037,9037
9038,9038
9039,9039
9040,9040
9041,9041
9042,9042
9043,9043
9044,9044
9045,9045
9046,9046
9047,9047
9048,9048
9049,9049
9050,9050
9051,9051
9052,9052
9053,9053
9054,9054
9055,9055
9056,9056
9057,9057
9058,9058
9059,9059
9060,9060
9061,9061
9062,9062
9063,9063
9064,9064
9065,9065
9066,9066
9067,9067
9068,9068
9069,9069

8807,8622
8807,8835
8807,8890
8807,8894
8807,8909
8807,8934
8807,8953
8807,9000
8807,9057
8835,8400
8835,8445
8835,8519
8835,8524
8835,8845
8835,8936
8936,9017
8445,8520
8445,8845
8845,8437
8845,8519
8845,8520
8845,8582
8845,8717
8845,8755
8845,8783
8845,8794
8845,8819
8845,8885
8845,9047
8519,8405
8519,8422
8519,8508
8519,8524
8519,8652
8519,8717
8519,8783
8519,8794
8519,8798
8519,8894
8519,9047
8519,9057
9047,8400
9047,8480
9047,8483
9047,8542
9047,8586
9047,8639
9047,8717
9047,8752
9047,8794
9047,8819
9047,8966
9047,8991
9047,9000
9047,9039
9047,9055
9047,9057
8794,8400
8794,8419
8794,8448
8794,8483
8794,8484
8794,8490
8794,8508
8794,8511
8794,8559
8794,8566
8794,8575
8794,8586
8794,8652
8794,8683
8794,8686
8794,8752
8794,8838
8794,8914
8794,8915
8794,8935
8794,8949
8794,8950
8794,8953
8794,8962
8794,8966
8794,8991
8794,9000
8794,9027
8794,9039
8794,9048
8794,9057
8966,8462
8966,8838
8838,8847
8838,8954
8752,8549
8752,8946
8484,8405
8484,8416
8484,8417
8484,8422
8484,8465
8484,8468
8484,8490
8484,8510
8484,8552
8484,8566
8484,8575
8484,8663
8484,8700
8484,8706
8484,8709
8484,8710
8484,8716
8484,8781
8484,8832
8484,8882
8484,8888
8484,8890
8484,8912
8484,8962
8484,9034
8484,9038
8490,8405
8490,8566
8490,8786
8490,8801
8490,8813
8490,8882
8490,8988
8490,9001
8566,8742
8566,8912
8566,8932
8566,8946
9039,8434
9039,8488
9039,8510
9039,8543
9039,8560
9039,8586
9039,8589
9039,8592
9039,8621
9039,8709
9039,8719
9039,8742
9039,8767
9039,8781
9039,8783
9039,8788
9039,8811
9039,8814
9039,8819
9039,8832
9039,8847
9039,8888
9039,8906
9039,8953
9039,8957
9039,8966
9039,8986
9039,8988
9039,9000
9039,9057
8801,8417
8801,8962
8552,8417
8552,8900
8882,8468
8888,8654
8405,8419
8405,8468
8405,8912
8781,8419
8781,8468
8781,8682
8781,8900
8781,8912
8682,8416
8682,8442
8682,8465
8682,8468
8682,8498
8682,8631
8682,8709
8682,8916
8468,8416
8468,8417
8468,8442
8468,8453
8468,8465
8468,8498
8468,8631
8468,8716
8468,8759
8468,8788
8468,8857
8468,8904
8468,8905
8468,8916
8468,8932
8468,8941
8468,8946
8468,9014
8468,9034
8468,9038
8465,8416
8465,8485
8465,8613
8465,8621
8465,8716
8465,8905
8465,8962
8465,9038
8417,8423
8417,8453
8417,8455
8417,8485
8417,8488
8417,8497
8417,8500
8417,8516
8417,8517
8417,8575
8417,8604
8417,8613
8417,8621
8417,8630
8417,8704
8417,8709
8417,8716
8417,8727
8417,8740
8417,8759
8417,8786
8417,8788
8417,8789
8417,8818
8417,8832
8417,8833
8417,8857
8417,8858
8417,8864
8417,8865
8417,8870
8417,8890
8417,8900
8417,8904
8417,8905
8417,8907
8417,8908
8417,8935
8417,8943
8417,8946
8417,8957
8417,8992
8417,8995
8417,9001
8417,9006
8417,9038
8417,9039
8417,9040
8417,9045
9034,8485
8453,8423
8453,8727
8946,8645
8946,8904
8485,9014
9014,9038
8900,8488
8900,8571
8900,8741
8900,8806
8900,8832
8900,8907
8900,8957
8900,9001
8900,9068
8759,8571
8759,8650
8759,8935
8759,8941
8759,8948
8759,9001
8941,8571
8788,8575
8788,8709
8788,8741
8788,8900
8788,8957
8788,8962
9001,8428
9001,8709
9001,8818
9001,8916
9001,8928
8571,8517
8488,8709
8488,8741
8488,8832
8488,8935
8928,8497
8928,8517
8928,8575
8928,8709
8928,8833
8928,8850
8928,8993
8928,9029
8935,8428
8935,8455
8935,8463
8935,8517
8935,8575
8935,8604
8935,8630
8935,8667
8935,8703
8935,8704
8935,8709
8935,8719
8935,8741
8935,8789
8935,8806
8935,8818
8935,8820
8935,8832
8935,8834
8935,8864
8935,8870
8935,8889
8935,8895
8935,8927
8935,8928
8935,8957
8935,8995
8935,9029
8935,9040
8741,8907
8832,8426
8832,8428
8832,8455
8832,8517
8832,8575
8832,8678
8832,8709
8832,8761
8832,8771
8832,8789
8832,8806
8832,8818
8832,8870
8832,8890
8832,8907
8832,8957
8832,9029
8832,9068
8709,8404
8709,8418
8709,8421
8709,8426
8709,8428
8709,8439
8709,8455
8709,8471
8709,8472
8709,8497
8709,8503
8709,8509
8709,8517
8709,8528
8709,8548
8709,8563
8709,8564
8709,8572
8709,8575
8709,8602
8709,8604
8709,8610
8709,8615
8709,8620
8709,8630
8709,8638
8709,8641
8709,8651
8709,8661
8709,8689
8709,8690
8709,8692
8709,8693
8709,8698
8709,8704
8709,8711
8709,8726
8709,8739
8709,8740
8709,8743
8709,8753
8709,8756
8709,8761
8709,8765
8709,8770
8709,8771
8709,8778
8709,8785
8709,8786
8709,8803
8709,8806
8709,8809
8709,8815
8709,8816
8709,8850
8709,8858
8709,8859
8709,8865
8709,8866
8709,8867
8709,8870
8709,8891
8709,8907
8709,8916
8709,8921
8709,8927
8709,8932
8709,8945
8709,8948
8709,8957
8709,8962
8709,8973
8709,8975
8709,8984
8709,8985
8709,8989
8709,8992
8709,8993
8709,8994
8709,8995
8709,9006
8709,9022
8709,9035
8709,9050
8709,9051
8709,9052
8709,9056
8957,8455
8957,8497
8957,8517
8957,8575
8957,8678
8957,8778
8957,8864
8957,8907
8957,8916
8575,8428
8575,8455
8575,8497
8575,8517
8575,8553
8575,8645
8575,8683
8575,8704
8575,8728
8575,8761
8575,8778
8575,8786
8575,8806
8575,8870
8575,8880
8575,8916
8575,8948
8575,8962
8575,8995
8575,9006
8517,8407
8517,8408
8517,8413
8517,8425
8517,8426
8517,8428
8517,8432
8517,8464
8517,8472
8517,8493
8517,8497
8517,8500
8517,8503
8517,8535
8517,8539
8517,8565
8517,8583
8517,8587
8517,8593
8517,8630
8517,8645
8517,8657
8517,8683
8517,8704
8517,8710
8517,8719
8517,8720
8517,8756
8517,8758
8517,8761
8517,8766
8517,8771
8517,8778
8517,8786
8517,8806
8517,8809
8517,8834
8517,8850
8517,8851
8517,8859
8517,8864
8517,8870
8517,8907
8517,8916
8517,8931
8517,8932
8517,8943
8517,8948
8517,8956
8517,8962
8517,8963
8517,8971
8517,8983
8517,8992
8517,8993
8517,8995
8517,9003
8517,9006
8517,9015
8517,9024
8517,9044
8806,8407
8806,8428
8806,8497
8806,8587
8806,8704
8806,8719
8806,8740
8806,8771
8806,8786
8806,8865
8806,8870
8806,8887
8806,8895
8806,8907
8806,8916
8806,8943
8806,8992
8806,8995
8806,9006
8806,9015
8806,9068
8407,8425
8407,8704
8407,8995
8407,9006
8992,8771
8992,8870
8870,8402
8870,8408
8870,8413
8870,8428
8870,8431
8870,8432
8870,8449
8870,8463
8870,8472
8870,8493
8870,8497
8870,8500
8870,8509
8870,8516
8870,8517
8870,8518
8870,8546
8870,8553
8870,8562
8870,8563
8870,8573
8870,8578
8870,8581
8870,8583
8870,8585
8870,8587
8870,8610
8870,8618
8870,8630
8870,8634
8870,8640
8870,8692
8870,8697
8870,8704
8870,8710
8870,8728
8870,8740
8870,8744
8870,8756
8870,8761
8870,8770
8870,8774
8870,8778
8870,8779
8870,8782
8870,8785
8870,8786
8870,8803
8870,8805
8870,8809
8870,8825
8870,8828
8870,8834
8870,8850
8870,8858
8870,8859
8870,8864
8870,8865
8870,8866
8870,8872
8870,8887
8870,8889
8870,8891
8870,8907
8870,8908
8870,8916
8870,8923
8870,8927
8870,8945
8870,8948
8870,8956
8870,8962
8870,8978
8870,8983
8870,8985
8870,8993
8870,8995
8870,8996
8870,9006
8870,9011
8870,9015
8870,9016
8870,9042
8870,9045
8870,9046
8870,9049
8870,9054
8870,9056
8870,9069
8907,8413
8907,8415
8907,8421
8907,8428
8907,8451
8907,8458
8907,8461
8907,8473
8907,8481
8907,8497
8907,8500
8907,8509
8907,8517
8907,8526
8907,8529
8907,8539
8907,8548
8907,8553
8907,8563
8907,8573
8907,8578
8907,8594
8907,8614
8907,8617
8907,8618
8907,8630
8907,8634
8907,8657
8907,8681
8907,8693
8907,8704
8907,8707
8907,8709
8907,8710
8907,8728
8907,8740
8907,8743
8907,8746
8907,8756
8907,8761
8907,8778
8907,8786
8907,8803
8907,8805
8907,8810
8907,8823
8907,8825
8907,8829
8907,8849
8907,8850
8907,8864
8907,8870
8907,8891
8907,8895
8907,8908
8907,8916
8907,8927
8907,8937
8907,8945
8907,8960
8907,8962
8907,8972
8907,8985
8907,8994
8907,8995
8907,9006
8907,9007
8907,9011
8907,9015
8907,9022
8907,9044
8907,9045
8907,9056
9006,8413
9006,8428
9006,8517
9006,8612
9006,8618
9006,8663
9006,8703
9006,8710
9006,8825
9006,8870
9006,8874
9006,8889
9006,8907
9006,8908
9006,8948
9006,8995
9006,9024
9006,9045
8995,8428
8995,8500
8995,8516
8995,8630
8995,8761
8995,8786
8995,8870
8995,8880
8995,8889
8995,8916
8995,8948
8995,9015
8995,9042
8995,9044
8761,8408
8761,8428
8761,8535
8761,8553
8761,8683
8761,8710
8761,8740
8761,8756
8761,8771
8761,8786
8761,8793
8761,8805
8761,8864
8761,8870
8761,8916
8761,8945
8761,8962
8761,8993
8761,9045
8908,8517
8908,8630
8908,8962
8864,8657
8864,8740
8864,8786
8864,8891
8864,8916
8864,8971
8864,9044
8428,8402
8428,8413
8428,8431
8428,8432
8428,8441
8428,8451
8428,8456
8428,8493
8428,8500
8428,8503
8428,8509
8428,8516
8428,8517
8428,8518
8428,8528
8428,8535
8428,8539
8428,8540
8428,8558
8428,8569
8428,8587
8428,8593
8428,8594
8428,8600
8428,8612
8428,8618
8428,8629
8428,8630
8428,8637
8428,8640
8428,8643
8428,8645
8428,8646
8428,8656
8428,8661
8428,8683
8428,8692
8428,8704
8428,8709
8428,8713
8428,8720
8428,8728
8428,8740
8428,8746
8428,8748
8428,8756
8428,8758
8428,8765
8428,8772
8428,8778
8428,8784
8428,8785
8428,8786
8428,8802
8428,8803
8428,8805
8428,8812
8428,8837
8428,8850
8428,8861
8428,8864
8428,8870
8428,8907
8428,8908
8428,8916
8428,8927
8428,8931
8428,8932
8428,8937
8428,8945
8428,8948
8428,8956
8428,8962
8428,8963
8428,8973
8428,8983
8428,8994
8428,8996
8428,9006
8428,9012
8428,9016
8428,9022
8428,9043
8428,9044
8428,9045
8428,9051
8428,9054
8428,9063
9045,8516
9045,8569
9045,8630
9045,8663
9045,8932
9045,8962
9051,8645
9051,9063
8645,8451
8645,8526
8645,8630
8645,8644
8645,8683
8645,8704
8645,8756
8645,8962
8645,8996
8645,9022
8645,9044
9044,8565
9044,8630
9044,8932
9044,8962
8704,8402
8704,8408
8704,8428
8704,8456
8704,8464
8704,8472
8704,8493
8704,8497
8704,8500
8704,8517
8704,8535
8704,8558
8704,8569
8704,8587
8704,8588
8704,8591
8704,8594
8704,8618
8704,8620
8704,8630
8704,8637
8704,8640
8704,8644
8704,8645
8704,8683
8704,8692
8704,8710
8704,8756
8704,8761
8704,8778
8704,8779
8704,8786
8704,8805
8704,8825
8704,8834
8704,8864
8704,8870
8704,8880
8704,8887
8704,8895
8704,8907
8704,8908
8704,8916
8704,8927
8704,8932
8704,8948
8704,8956
8704,8962
8704,8967
8704,8974
8704,9003
8704,9012
8704,9015
8704,9024
8704,9051
8704,9056
8704,9063
8756,8441
8756,8500
8756,8540
8756,8591
8756,8594
8756,8617
8756,8618
8756,8637
8756,8643
8756,8662
8756,8663
8756,8683
8756,8704
8756,8710
8756,8724
8756,8734
8756,8766
8756,8770
8756,8774
8756,8779
8756,8785
8756,8805
8756,8842
8756,8850
8756,8932
8756,8945
8756,8962
8756,8967
8756,8983
8756,8993
8756,8996
8756,9012
8756,9052
8756,9063
8710,8618
8710,8805
8710,8927
8710,8945
8710,8993
8993,8441
8993,8527
8993,8683
8993,8765
8993,8837
8618,8413
8618,8539
8618,8612
8618,8617
8618,8720
8618,8765
8618,8786
8618,8810
8618,8812
8618,8850
8618,8945
8618,8962
8618,8983
8618,9054
8618,9063
8932,8526
8932,8558
8932,8593
8932,8851
8932,8962
8932,9024
8932,9063
8983,8415
8983,8593
8983,8692
8983,8749
8983,8850
8983,8985
8983,9007
8962,8412
8962,8413
8962,8415
8962,8421
8962,8428
8962,8431
8962,8433
8962,8435
8962,8439
8962,8441
8962,8447
8962,8461
8962,8471
8962,8475
8962,8493
8962,8501
8962,8503
8962,8509
8962,8517
8962,8521
8962,8526
8962,8528
8962,8537
8962,8540
8962,8546
8962,8548
8962,8551
8962,8557
8962,8563
8962,8564
8962,8573
8962,8581
8962,8583
8962,8588
8962,8593
8962,8595
8962,8600
8962,8608
8962,8610
8962,8612
8962,8615
8962,8618
8962,8634
8962,8635
8962,8637
8962,8641
8962,8643
8962,8646
8962,8651
8962,8658
8962,8672
8962,8684
8962,8691
8962,8692
8962,8697
8962,8699
8962,8709
8962,8733
8962,8743
8962,8744
8962,8748
8962,8749
8962,8751
8962,8753
8962,8768
8962,8779
8962,8782
8962,8784
8962,8785
8962,8790
8962,8791
8962,8796
8962,8799
8962,8802
8962,8803
8962,8810
8962,8812
8962,8816
8962,8820
8962,8828
8962,8837
8962,8839
8962,8840
8962,8842
8962,8849
8962,8850
8962,8851
8962,8858
8962,8859
8962,8861
8962,8868
8962,8869
8962,8870
8962,8872
8962,8907
8962,8923
8962,8926
8962,8930
8962,8939
8962,8945
8962,8947
8962,8952
8962,8955
8962,8956
8962,8973
8962,8974
8962,8975
8962,8978
8962,8979
8962,8983
8962,8990
8962,8994
8962,8996
8962,9003
8962,9005
8962,9007
8962,9012
8962,9016
8962,9021
8962,9022
8962,9024
8962,9052
8962,9054
8962,9059
8962,9063
8962,9066
8962,9067
8962,9069
8810,8413
8810,8420
8810,8428
8810,8493
8810,8526
8810,8662
8810,8690
8810,8748
8810,8765
8810,8774
8810,8778
8810,8851
8810,8952
8810,8956
8810,8990
8810,9063
8540,8428
8413,8401
8413,8403
8413,8404
8413,8406
8413,8414
8413,8415
8413,8421
8413,8424
8413,8428
8413,8429
8413,8431
8413,8433
8413,8439
8413,8443
8413,8446
8413,8450
8413,8454
8413,8471
8413,8473
8413,8475
8413,8479
8413,8482
8413,8486
8413,8489
8413,8493
8413,8494
8413,8496
8413,8502
8413,8503
8413,8507
8413,8509
8413,8513
8413,8518
8413,8523
8413,8526
8413,8528
8413,8531
8413,8541
8413,8544
8413,8546
8413,8547
8413,8548
8413,8551
8413,8554
8413,8555
8413,8557
8413,8563
8413,8583
8413,8584
8413,8585
8413,8596
8413,8597
8413,8598
8413,8602
8413,8605
8413,8610
8413,8611
8413,8633
8413,8634
8413,8638
8413,8641
8413,8646
8413,8648
8413,8651
8413,8653
8413,8659
8413,8660
8413,8661
8413,8668
8413,8671
8413,8672
8413,8675
8413,8679
8413,8681
8413,8685
8413,8690
8413,8692
8413,8693
8413,8697
8413,8698
8413,8707
8413,8709
8413,8711
8413,8712
8413,8722
8413,8725
8413,8731
8413,8737
8413,8739
8413,8743
8413,8744
8413,8748
8413,8751
8413,8753
8413,8754
8413,8760
8413,8769
8413,8778
8413,8779
8413,8784
8413,8786
8413,8800
8413,8805
8413,8812
8413,8815
8413,8825
8413,8828
8413,8830
8413,8837
8413,8839
8413,8850
8413,8855
8413,8858
8413,8859
8413,8861
8413,8866
8413,8867
8413,8870
8413,8871
8413,8873
8413,8878
8413,8879
8413,8884
8413,8907
8413,8918
8413,8920
8413,8926
8413,8927
8413,8930
8413,8942
8413,8945
8413,8951
8413,8970
8413,8972
8413,8974
8413,8978
8413,8980
8413,8982
8413,8985
8413,8989
8413,8994
8413,9005
8413,9007
8413,9013
8413,9019
8413,9022
8413,9046
8413,9050
8413,9052
8413,9062
8413,9063
8583,8692
8583,8744
8583,8952
8583,8996
8748,8753
8748,8803
8748,9022
8973,8493
8973,8526
8973,8551
8973,8646
8973,8691
8973,8692
8973,8709
8973,8726
8973,8744
8973,8791
8973,8803
8973,8812
8973,8829
8973,8837
8973,8850
8973,8858
8973,8859
8973,8861
8973,8923
8973,8945
8973,8985
8973,9022
8692,8413
8692,8415
8692,8418
8692,8420
8692,8421
8692,8433
8692,8439
8692,8461
8692,8466
8692,8471
8692,8501
8692,8503
8692,8504
8692,8509
8692,8526
8692,8528
8692,8546
8692,8548
8692,8563
8692,8567
8692,8573
8692,8585
8692,8597
8692,8608
8692,8610
8692,8633
8692,8634
8692,8641
8692,8681
8692,8687
8692,8689
8692,8690
8692,8693
8692,8698
8692,8699
8692,8709
8692,8711
8692,8726
8692,8751
8692,8753
8692,8754
8692,8765
8692,8768
8692,8775
8692,8778
8692,8780
8692,8782
8692,8791
8692,8803
8692,8805
8692,8815
8692,8816
8692,8822
8692,8829
8692,8850
8692,8858
8692,8859
8692,8861
8692,8863
8692,8866
8692,8898
8692,8903
8692,8927
8692,8938
8692,8945
8692,8955
8692,8959
8692,8975
8692,8978
8692,8980
8692,8994
8692,8997
8692,9002
8692,9005
8692,9021
8692,9022
8692,9050
8692,9052
8778,8410
8778,8413
8778,8428
8778,8429
8778,8441
8778,8446
8778,8471
8778,8486
8778,8501
8778,8504
8778,8517
8778,8530
8778,8536
8778,8555
8778,8561
8778,8569
8778,8597
8778,8603
8778,8610
8778,8611
8778,8617
8778,8624
8778,8627
8778,8632
8778,8640
8778,8642
8778,8645
8778,8666
8778,8668
8778,8673
8778,8692
8778,8695
8778,8697
8778,8711
8778,8718
8778,8744
8778,8747
8778,8748
8778,8751
8778,8753
8778,8763
8778,8765
8778,8782
8778,8786
8778,8795
8778,8805
8778,8810
8778,8816
8778,8821
8778,8837
8778,8850
8778,8858
8778,8861
8778,8866
8778,8870
8778,8873
8778,8892
8778,8907
8778,8920
8778,8942
8778,8945
8778,8956
8778,8959
8778,8962
8778,8964
8778,8972
8778,8978
8778,8993
8778,8996
8778,8997
8778,9022
8778,9062
8778,9063
8778,9067
8526,8557
8526,8563
8526,8573
8526,8633
8526,8690
8526,8691
8526,8692
8526,8709
8526,8780
8526,8803
8526,8850
8526,8859
8526,8861
8526,8945
8526,8972
8526,8980
8526,9043
8861,8413
8861,8420
8861,8439
8861,8458
8861,8461
8861,8503
8861,8509
8861,8537
8861,8546
8861,8564
8861,8573
8861,8596
8861,8608
8861,8635
8861,8658
8861,8669
8861,8691
8861,8698
8861,8709
8861,8768
8861,8803
8861,8839
8861,8858
8861,8859
8861,8945
8861,9043
8861,9069
8945,8406
8945,8413
8945,8415
8945,8421
8945,8428
8945,8436
8945,8446
8945,8450
8945,8454
8945,8459
8945,8460
8945,8466
8945,8471
8945,8473
8945,8474
8945,8476
8945,8481
8945,8486
8945,8492
8945,8494
8945,8503
8945,8515
8945,8530
8945,8531
8945,8537
8945,8538
8945,8547
8945,8554
8945,8555
8945,8567
8945,8574
8945,8585
8945,8597
8945,8601
8945,8606
8945,8610
8945,8632
8945,8634
8945,8637
8945,8638
8945,8643
8945,8653
8945,8660
8945,8665
8945,8666
8945,8673
8945,8679
8945,8681
8945,8685
8945,8689
8945,8690
8945,8691
8945,8692
8945,8693
8945,8697
8945,8702
8945,8705
8945,8707
8945,8709
8945,8711
8945,8726
8945,8744
8945,8751
8945,8753
8945,8760
8945,8765
8945,8778
8945,8780
8945,8782
8945,8786
8945,8791
8945,8792
8945,8803
8945,8805
8945,8812
8945,8821
8945,8824
8945,8825
8945,8829
8945,8837
8945,8839
8945,8840
8945,8849
8945,8850
8945,8855
8945,8858
8945,8859
8945,8860
8945,8861
8945,8863
8945,8866
8945,8870
8945,8873
8945,8879
8945,8898
8945,8899
8945,8903
8945,8907
8945,8913
8945,8920
8945,8927
8945,8929
8945,8930
8945,8959
8945,8961
8945,8962
8945,8972
8945,8975
8945,8978
8945,8982
8945,8985
8945,8994
8945,8996
8945,8997
8945,8998
8945,8999
8945,9008
8945,9013
8945,9018
8945,9022
8945,9026
8945,9046
8945,9052
8945,9063
8945,9069
8996,8413
8996,8431
8996,8493
8996,8509
8996,8526
8996,8643
8996,8692
8996,8748
8996,8772
8996,8778
8996,8784
8996,8786
8996,8870
8996,8918
8996,8973
8996,9022
8996,9069
8691,8599
9069,8608
9069,8858
8858,8413
8858,8415
8858,8461
8858,8503
8858,8614
8858,8638
8858,8672
8858,8692
8858,8709
8858,8839
8858,8859
8461,8602
8461,8641
8859,8413
8859,8414
8859,8418
8859,8420
8859,8421
8859,8439
8859,8458
8859,8473
8859,8501
8859,8503
8859,8509
8859,8518
8859,8528
8859,8548
8859,8563
8859,8568
8859,8572
8859,8584
8859,8599
8859,8614
8859,8615
8859,8619
8859,8633
8859,8638
8859,8641
8859,8659
8859,8661
8859,8669
8859,8680
8859,8681
8859,8689
8859,8690
8859,8692
8859,8693
8859,8707
8859,8709
8859,8711
8859,8723
8859,8726
8859,8743
8859,8751
8859,8753
8859,8754
8859,8760
8859,8768
8859,8775
8859,8778
8859,8782
8859,8803
8859,8815
8859,8816
8859,8817
8859,8823
8859,8828
8859,8829
8859,8830
8859,8853
8859,8860
8859,8863
8859,8907
8859,8918
8859,8921
8859,8926
8859,8945
8859,8975
8859,8978
8859,8980
8859,8985
8859,8989
8859,8994
8859,9005
8859,9019
8859,9025
8859,9036
8859,9052
8638,8599
8638,8634
8638,8659
8638,8669
8638,8692
8638,8817
8638,8985
8711,8415
8711,8548
8711,8563
8711,8610
8711,8692
8711,8751
8711,8778
8711,8816
8711,8985
8711,8994
8743,8404
8743,8457
8743,8458
8743,8513
8743,8599
8743,8633
8743,8634
8743,8669
8743,8817
8743,8823
8743,8860
8743,8975
8743,9019
8599,8415
8599,8563
8599,8751
8599,8828
8975,8528
8975,8548
8975,8563
8975,8679
8975,8680
8975,8689
8975,8693
8975,8707
8975,8751
8975,8765
8975,8782
8975,8815
8975,8959
8975,8978
8975,8985
8563,8415
8563,8443
8563,8458
8563,8471
8563,8475
8563,8481
8563,8501
8563,8548
8563,8585
8563,8616
8563,8633
8563,8660
8563,8661
8563,8681
8563,8690
8563,8692
8563,8693
8563,8707
8563,8751
8563,8753
8563,8765
8563,8778
8563,8782
8563,8786
8563,8815
8563,8816
8563,8830
8563,8850
8563,8898
8563,8980
8563,9005
8563,9022
8751,8415
8751,8420
8751,8471
8751,8475
8751,8476
8751,8504
8751,8522
8751,8548
8751,8567
8751,8610
8751,8632
8751,8651
8751,8692
8751,8705
8751,8711
8751,8730
8751,8744
8751,8765
8751,8778
8751,8782
8751,8828
8751,8840
8751,8855
8751,8866
8751,8907
8751,8918
8751,8938
8751,8959
8751,8960
8751,8978
8751,8994
8751,9005
8751,9022
8751,9052
8751,9062
8815,8707
8815,8850
8815,8980
8548,8414
8548,8471
8548,8473
8548,8481
8548,8528
8548,8611
8548,8690
8548,8751
8548,8778
8548,8816
8548,8829
8548,8863
8548,8984
8548,8994
8548,9005
8548,9022
8548,9052
8681,8413
8681,8421
8681,8653
8681,9046
8753,8420
8753,8421
8753,8548
8753,8751
8753,8782
8753,8926
8753,8978
8753,8994
8753,8999
8753,9046
8753,9052
8816,8782
8816,8850
8816,9052
8850,8413
8850,8421
8850,8427
8850,8428
8850,8431
8850,8457
8850,8466
8850,8474
8850,8475
8850,8494
8850,8497
8850,8503
8850,8517
8850,8518
8850,8523
8850,8526
8850,8529
8850,8548
8850,8551
8850,8585
8850,8593
8850,8596
8850,8599
8850,8610
8850,8618
8850,8633
8850,8634
8850,8637
8850,8643
8850,8653
8850,8676
8850,8680
8850,8691
8850,8692
8850,8709
8850,8713
8850,8721
8850,8734
8850,8748
8850,8765
8850,8774
8850,8779
8850,8782
8850,8784
8850,8786
8850,8803
8850,8810
8850,8815
8850,8817
8850,8820
8850,8822
8850,8825
8850,8828
8850,8829
8850,8839
8850,8859
8850,8861
8850,8866
8850,8869
8850,8870
8850,8878
8850,8898
8850,8903
8850,8925
8850,8927
8850,8938
8850,8945
8850,8952
8850,8973
8850,8985
8850,8990
8850,8996
8850,9003
8850,9007
8850,9019
8850,9022
8850,9046
8850,9050
8850,9052
8850,9063
8528,8421
8528,8457
8528,8475
8528,8557
8528,8568
8528,8651
8528,8690
8528,8726
8528,8829
8528,8840
8528,8918
8528,8926
8528,8978
8528,9005
8528,9030
8528,9052
8690,8467
8690,8504
8690,8585
8690,8692
8690,8721
8690,9052
8918,9052
8994,8403
8994,8406
8994,8421
8994,8450
8994,8457
8994,8471
8994,8473
8994,8476
8994,8522
8994,8528
8994,8541
8994,8562
8994,8610
8994,8632
8994,8658
8994,8690
8994,8751
8994,8754
8994,8782
8994,8829
8994,8850
8994,8918
8994,8926
8994,8959
8994,8960
8994,8972
8994,8978
8994,9005
8994,9025
8994,9052
9052,8403
9052,8406
9052,8421
9052,8466
9052,8474
9052,8475
9052,8477
9052,8481
9052,8486
9052,8492
9052,8522
9052,8544
9052,8562
9052,8579
9052,8610
9052,8616
9052,8617
9052,8624
9052,8651
9052,8699
9052,8725
9052,8726
9052,8730
9052,8733
9052,8744
9052,8778
9052,8782
9052,8826
9052,8828
9052,8855
9052,8866
9052,8869
9052,8870
9052,8896
9052,8898
9052,8921
9052,8945
9052,8959
9052,8960
9052,8972
9052,8978
9052,8984
9052,9022
9052,9036
8726,8421
8726,8459
8726,8557
8421,8403
8421,8406
8421,8459
8421,8466
8421,8471
8421,8473
8421,8474
8421,8475
8421,8479
8421,8481
8421,8494
8421,8515
8421,8530
8421,8541
8421,8556
8421,8557
8421,8562
8421,8585
8421,8601
8421,8610
8421,8616
8421,8627
8421,8632
8421,8653
8421,8660
8421,8681
8421,8695
8421,8697
8421,8701
8421,8751
8421,8757
8421,8760
8421,8764
8421,8782
8421,8821
8421,8828
8421,8829
8421,8850
8421,8859
8421,8866
8421,8868
8421,8870
8421,8879
8421,8903
8421,8922
8421,8927
8421,8945
8421,8978
8421,9025
8421,9046
8978,8399
8978,8401
8978,8413
8978,8418
8978,8429
8978,8446
8978,8450
8978,8454
8978,8459
8978,8471
8978,8475
8978,8476
8978,8477
8978,8479
8978,8481
8978,8491
8978,8494
8978,8499
8978,8502
8978,8518
8978,8523
8978,8532
8978,8550
8978,8554
8978,8555
8978,8557
8978,8567
8978,8568
8978,8585
8978,8597
8978,8605
8978,8607
8978,8610
8978,8611
8978,8627
8978,8632
8978,8651
8978,8665
8978,8666
8978,8694
8978,8695
8978,8697
8978,8701
8978,8702
8978,8705
8978,8725
8978,8729
8978,8739
8978,8744
8978,8751
8978,8760
8978,8777
8978,8778
8978,8795
8978,8824
8978,8826
8978,8840
8978,8856
8978,8863
8978,8866
8978,8868
8978,8869
8978,8875
8978,8877
8978,8878
8978,8886
8978,8903
8978,8921
8978,8922
8978,8925
8978,8945
8978,8947
8978,8955
8978,8958
8978,8959
8978,8960
8978,8972
8978,8982
8978,8999
8978,9011
8978,9021
8978,9022
8978,9025
8978,9035
8978,9046
8978,9059
8978,9062
8475,8471
8475,8504
8475,8597
8475,8632
8475,8869
8475,8959
8475,8960
8475,8978
8475,9025
8829,8824
8829,8866
8960,8658
8960,8828
8959,8459
8959,8471
8959,8515
8959,8557
8959,8562
8959,8610
8959,8651
8959,8665
8959,8782
8959,8921
8959,9059
8828,8446
8828,8471
8828,8473
8828,8487
8828,8945
8828,8980
8828,9005
8828,9019
8828,9021
8828,9022
8610,8399
8610,8413
8610,8418
8610,8429
8610,8446
8610,8450
8610,8466
8610,8471
8610,8476
8610,8486
8610,8487
8610,8489
8610,8491
8610,8492
8610,8494
8610,8499
8610,8523
8610,8530
8610,8532
8610,8550
8610,8554
8610,8555
8610,8561
8610,8567
8610,8568
8610,8574
8610,8584
8610,8585
8610,8597
8610,8598
8610,8601
8610,8605
8610,8607
8610,8611
8610,8626
8610,8627
8610,8628
8610,8653
8610,8660
8610,8701
8610,8722
8610,8723
8610,8725
8610,8733
8610,8751
8610,8760
8610,8764
8610,8769
8610,8777
8610,8778
8610,8780
8610,8790
8610,8792
8610,8795
8610,8821
8610,8824
8610,8840
8610,8866
8610,8867
8610,8868
8610,8869
8610,8873
8610,8878
8610,8886
8610,8892
8610,8898
8610,8899
8610,8903
8610,8922
8610,8925
8610,8927
8610,8929
8610,8945
8610,8955
8610,8969
8610,8970
8610,8972
8610,8978
8610,8979
8610,8982
8610,8997
8610,9002
8610,9013
8610,9021
8610,9032
8610,9050
8610,9062
8840,8486
8840,8585
8840,8866
8840,8898
8840,8925
8840,8929
8840,8972
8898,8567
8898,8585
8898,8610
8898,8624
8898,8778
8898,8945
8898,8972
8898,8977
8898,8982
8898,8997
8972,8409
8972,8418
8972,8424
8972,8429
8972,8471
8972,8479
8972,8486
8972,8515
8972,8523
8972,8544
8972,8555
8972,8567
8972,8585
8972,8597
8972,8653
8972,8778
8972,8826
8972,8869
8972,8920
8972,8944
8972,8945
8972,8978
8972,9030
8972,9041
8868,8866
8567,8471
8567,8778
8567,8878
8567,8997
8418,8610
8418,8866
8418,8929
8869,8471
8869,8486
8869,8699
8869,8866
8869,8903
8929,8471
8878,8413
8878,8446
8878,8476
8878,8482
8878,8492
8878,8530
8878,8555
8878,8597
8878,8598
8878,8777
8878,8778
8878,8780
8878,8866
8878,8873
8878,8877
8878,8899
8878,8920
8878,8945
8878,8982
8878,9062
8899,8446
8899,8471
8899,8597
8899,8778
8899,9022
8555,8446
8555,8471
8555,8476
8555,8489
8555,8492
8555,8499
8555,8538
8555,8649
8555,8778
8555,8792
8555,8808
8555,8821
8555,8824
8555,8841
8555,8866
8555,8964
8555,9022
8555,9062
8866,8401
8866,8409
8866,8411
8866,8413
8866,8424
8866,8436
8866,8444
8866,8446
8866,8452
8866,8454
8866,8467
8866,8471
8866,8476
8866,8479
8866,8491
8866,8495
8866,8515
8866,8531
8866,8532
8866,8534
8866,8538
8866,8545
8866,8547
8866,8550
8866,8574
8866,8597
8866,8598
8866,8609
8866,8611
8866,8648
8866,8655
8866,8660
8866,8666
8866,8673
8866,8674
8866,8687
8866,8688
8866,8694
8866,8695
8866,8697
8866,8701
8866,8702
8866,8723
8866,8729
8866,8731
8866,8757
8866,8762
8866,8763
8866,8764
8866,8776
8866,8780
8866,8792
8866,8804
8866,8821
8866,8824
8866,8826
8866,8831
8866,8843
8866,8855
8866,8856
8866,8875
8866,8878
8866,8879
8866,8884
8866,8886
8866,8892
8866,8899
8866,8901
8866,8903
8866,8910
8866,8917
8866,8919
8866,8920
8866,8927
8866,8940
8866,8942
8866,8944
8866,8945
8866,8951
8866,8958
8866,8976
8866,8977
8866,8997
8866,9004
8866,9008
8866,9010
8866,9013
8866,9026
8866,9032
8866,9036
8866,9050
8866,9062
8826,8666
8826,8821
8826,8886
8491,8903
8491,9018
8666,8411
8666,8436
8666,8446
8666,8452
8666,8467
8666,8471
8666,8532
8666,8534
8666,8550
8666,8574
8666,8609
8666,8611
8666,8695
8666,8718
8666,8778
8666,8871
8666,8903
8666,8965
8666,8969
8666,9022
8446,8413
8446,8424
8446,8454
8446,8460
8446,8471
8446,8536
8446,8547
8446,8550
8446,8555
8446,8574
8446,8576
8446,8603
8446,8611
8446,8628
8446,8655
8446,8660
8446,8673
8446,8685
8446,8696
8446,8697
8446,8731
8446,8750
8446,8777
8446,8780
8446,8804
8446,8821
8446,8841
8446,8854
8446,8873
8446,8886
8446,8901
8446,8920
8446,8924
8446,8940
8446,8951
8446,8961
8446,8970
8446,8998
8446,9008
8446,9013
8446,9018
8446,9022
8446,9023
8446,9026
8446,9058
8446,9062
8550,8424
8550,8452
8550,8574
8550,8628
8550,8655
8550,8673
8550,8702
8550,8763
8550,8821
8550,8878
8550,8892
8550,8903
8550,8942
8550,9008
8550,9062
8574,8452
8574,8531
8574,8532
8574,8603
8574,8611
8574,8718
8574,8737
8574,8780
8574,8901
8574,8961
8574,8997
8574,9026
8424,8413
8424,8482
8424,8555
8424,8777
8424,8961
8532,8467
8532,8561
8532,8609
8532,8660
8532,8696
8532,8750
8532,8777
8532,8780
8532,8808
8532,8831
8532,8856
8532,8877
8532,8920
8532,8951
8532,9013
8532,9062
9062,8413
9062,8424
9062,8436
9062,8446
9062,8471
9062,8482
9062,8495
9062,8502
9062,8532
9062,8598
9062,8603
9062,8606
9062,8611
9062,8626
9062,8642
9062,8649
9062,8660
9062,8673
9062,8697
9062,8714
9062,8722
9062,8737
9062,8738
9062,8769
9062,8776
9062,8800
9062,8821
9062,8831
9062,8854
9062,8873
9062,8876
9062,8877
9062,8881
9062,8910
9062,8942
9062,8951
9062,8958
9062,8961
9062,8965
9062,8970
9062,9008
9062,9013
9062,9026
9062,9041
9062,9058
8856,8688
8780,8436
8780,8454
8780,8471
8780,8496
8780,8531
8780,8534
8780,8547
8780,8577
8780,8598
8780,8609
8780,8611
8780,8648
8780,8660
8780,8722
8780,8738
8780,8800
8780,8871
8780,8879
8780,8940
8780,8970
8780,8998
8780,9018
8780,9050
8561,8611
8561,8873
8561,8961
8831,8438
8831,8454
8831,8482
8831,8547
8831,8576
8831,8577
8831,8628
8831,8642
8831,8660
8831,8696
8831,8714
8831,8718
8831,8800
8831,8901
8831,8917
8831,8942
8831,8951
8831,8981
8831,9020
8951,8482
8951,8502
8951,8547
8951,8841
8951,8844
8951,8854
8951,8871
8951,8873
8951,8879
8951,8940
8951,8942
8951,8970
8951,9013
8951,9028
8951,9058
8940,8611
8940,8685
8940,8873
9013,8413
9013,8440
9013,8446
9013,8471
9013,8536
9013,8611
9013,8626
9013,8649
9013,8660
9013,8668
9013,8675
9013,8745
9013,8750
9013,8769
9013,8808
9013,8841
9013,8854
9013,8855
9013,8873
9013,8881
9013,8910
9013,8917
9013,8924
9013,8951
9013,9022
8482,8660
8482,8873
8660,8413
8660,8454
8660,8471
8660,8489
8660,8495
8660,8496
8660,8547
8660,8576
8660,8577
8660,8598
8660,8603
8660,8611
8660,8648
8660,8722
8660,8762
8660,8776
8660,8800
8660,8804
8660,8844
8660,8848
8660,8855
8660,8873
8660,8879
8660,8884
8660,8917
8660,8942
8660,8945
8660,8958
8660,8970
8660,9010
8660,9018
8660,9033
8660,9050
8660,9053
8660,9058
9058,8626
9058,8879
8547,8489
8547,8496
8547,8536
8547,8598
8547,8603
8547,8712
8547,8732
8547,8762
8547,8776
8547,8800
8547,8873
8547,8879
8547,8917
8547,9010
8547,9018
8547,9023
8547,9050
8879,8413
8879,8460
8879,8470
8879,8471
8879,8495
8879,8536
8879,8576
8879,8598
8879,8603
8879,8611
8879,8636
8879,8688
8879,8701
8879,8712
8879,8714
8879,8722
8879,8731
8879,8732
8879,8735
8879,8776
8879,8800
8879,8804
8879,8846
8879,8848
8879,8873
8879,8876
8879,8917
8879,8942
8879,9013
8879,9028
8712,9061
8712,9062
8576,8454
8576,8496
8576,8611
8576,8626
8598,8454
8598,8611
8598,8636
8598,8731
8598,8737
8598,8776
8598,8800
8598,8855
8598,8873
8598,8958
8598,8968
8598,9050
9061,8413
9061,8603
9061,9022
8536,8505
8536,8731
8536,8848
8603,8454
8603,8489
8603,8611
8603,8648
8603,8696
8603,8800
8603,8855
8603,8873
8603,8876
8603,9018
8800,8454
8800,8470
8800,8495
8800,8502
8800,8649
8800,8714
8800,8855
8800,9009
8800,9022
8873,8413
8873,8438
8873,8454
8873,8460
8873,8470
8873,8471
8873,8489
8873,8495
8873,8598
8873,8611
8873,8636
8873,8642
8873,8648
8873,8649
8873,8668
8873,8670
8873,8671
8873,8685
8873,8696
8873,8714
8873,8722
8873,8732
8873,8745
8873,8769
8873,8800
8873,8804
8873,8855
8873,8881
8873,8884
8873,8968
8873,9009
8873,9010
8873,9013
8873,9018
8873,9023
8489,8611
8489,8855
8489,8958
8722,8470
8722,9018
8958,8611
8958,8968
8958,9009
8495,8454
8495,8609
8495,8852
8495,8855
8495,8884
8470,8454
8470,8611
8470,8648
8470,8668
8470,8675
8470,8881
8611,8413
8611,8440
8611,8454
8611,8471
8611,8648
8611,8649
8611,8668
8611,8671
8611,8675
8611,8685
8611,8769
8611,8800
8611,8852
8611,8855
8611,8881
8611,8884
8611,8968
8611,9013
8611,9053
8671,8438
8685,8649
8685,9053
8622,8400
8622,8434
8622,8437
8622,8484
8622,8519
8622,8520
8622,8524
8622,8582
8622,8742
8622,8755
8622,8787
8622,8789
8622,8794
8622,8862
8622,8885
8622,8909
8622,8934
8622,8953
8622,8962
8622,9017
8622,9039
8622,9057
8787,8445
8787,8845
8787,8862
8787,8885
8787,8936
8787,9037
8787,9039
8885,8400
8885,8417
8885,8434
8885,8437
8885,8480
8885,8483
8885,8490
8885,8508
8885,8519
8885,8524
8885,8549
8885,8559
8885,8570
8885,8580
8885,8582
8885,8590
8885,8652
8885,8664
8885,8677
8885,8704
8885,8706
8885,8709
8885,8736
8885,8742
8885,8783
8885,8794
8885,8797
8885,8798
8885,8814
8885,8838
8885,8894
8885,8912
8885,8914
8885,8916
8885,8933
8885,8946
8885,8949
8885,9000
8885,9039
8885,9047
8885,9057
8885,9060
8524,8582
8524,8894
8524,9047
8894,8430
8894,8580
8894,8586
8894,8623
8894,8794
8894,8814
8894,8987
8894,8991
8894,9039
8991,8478
8991,8814
8483,8508
8483,8512
8483,8517
8483,8580
8483,8590
8483,8592
8483,8683
8483,8773
8483,8933
8483,8950
8483,8954
8483,8986
8483,8987
8483,8991
8483,9060
8483,9064
8559,8570
8559,8664
8559,8677
8559,9064
8677,8543
8677,8589
8677,8767
8677,8911
8933,8647
9060,8525
8586,8448
8586,8478
8586,8623
8586,8639
8586,8700
8586,8887
8586,8912
8586,8949
8586,9000
8736,8590
8478,8484
8478,8511
8478,8912
8478,9048
8580,8417
8580,8465
8580,8468
8580,8484
8580,8560
8580,8566
8580,8639
8580,8654
8580,8686
8580,8709
8580,8781
8580,8788
8580,8811
8580,8818
8580,8893
8580,8916
8580,8928
8580,8935
8580,8962
8580,8988
8580,9003
8580,9031
8580,9039
8580,9065
8686,8490
8686,8915
8767,8715
8767,9031
8988,8813
8916,8402
8916,8410
8916,8428
8916,8435
8916,8441
8916,8451
8916,8456
8916,8500
8916,8516
8916,8517
8916,8535
8916,8578
8916,8612
8916,8617
8916,8619
8916,8630
8916,8637
8916,8640
8916,8644
8916,8645
8916,8662
8916,8683
8916,8703
8916,8704
8916,8710
8916,8728
8916,8756
8916,8778
8916,8786
8916,8793
8916,8796
8916,8799
8916,8850
8916,8870
8916,8872
8916,8880
8916,8891
8916,8908
8916,8923
8916,8927
8916,8931
8916,8932
8916,8962
8916,8993
8916,9003
8916,9022
8916,9024
8916,9044
8916,9051
8497,8407
8497,8426
8497,8535
8497,8618
8497,8704
8497,8761
8497,8771
8497,8825
8497,8870
8497,8907
8497,8908
8497,9044
8497,9056
8497,9068
8683,8420
8683,8432
8683,8464
8683,8493
8683,8587
8683,8591
8683,8595
8683,8617
8683,8618
8683,8749
8683,8931
8683,8932
8683,8962
9063,8413
9063,8459
9063,8509
9063,8526
9063,8540
9063,8573
9063,8583
9063,8643
9063,8692
9063,8747
9063,8779
9063,8810
9063,8945
9063,8973
9063,8990
9063,9007
9063,9022
9022,8413
9022,8421
9022,8428
9022,8431
9022,8439
9022,8444
9022,8446
9022,8454
9022,8459
9022,8461
9022,8467
9022,8471
9022,8475
9022,8481
9022,8489
9022,8501
9022,8502
9022,8503
9022,8509
9022,8513
9022,8531
9022,8532
9022,8546
9022,8548
9022,8551
9022,8555
9022,8556
9022,8557
9022,8563
9022,8564
9022,8574
9022,8585
9022,8597
9022,8598
9022,8600
9022,8603
9022,8610
9022,8611
9022,8614
9022,8615
9022,8624
9022,8641
9022,8646
9022,8660
9022,8665
9022,8666
9022,8668
9022,8670
9022,8673
9022,8675
9022,8689
9022,8692
9022,8693
9022,8695
9022,8709
9022,8711
9022,8713
9022,8714
9022,8729
9022,8737
9022,8744
9022,8751
9022,8753
9022,8763
9022,8764
9022,8769
9022,8772
9022,8775
9022,8778
9022,8780
9022,8782
9022,8786
9022,8790
9022,8791
9022,8795
9022,8800
9022,8802
9022,8803
9022,8815
9022,8816
9022,8821
9022,8824
9022,8828
9022,8837
9022,8840
9022,8850
9022,8855
9022,8858
9022,8859
9022,8861
9022,8866
9022,8869
9022,8873
9022,8877
9022,8878
9022,8883
9022,8884
9022,8892
9022,8907
9022,8920
9022,8922
9022,8923
9022,8926
9022,8929
9022,8930
9022,8944
9022,8945
9022,8951
9022,8961
9022,8969
9022,8972
9022,8975
9022,8978
9022,8994
9022,8997
9022,9005
9022,9007
9022,9013
9022,9018
9022,9019
9022,9035
9022,9046
9022,9059
9022,9062
9022,9069
8923,8503
8923,8646
8923,8744
8744,8471
8744,8473
8744,8475
8744,8526
8744,8573
8744,8585
8744,8641
8744,8691
8744,8692
8744,8828
8744,8858
8744,8861
8744,8959
8744,8975
8744,8978
8744,9022
8439,8475
8439,8563
8439,8641
8439,8659
8439,8661
8439,8751
8439,8753
9005,8403
9005,8413
9005,8507
9005,8518
9005,8528
9005,8579
9005,8778
9005,8782
9005,8792
9005,8960
9005,9032
9005,9052
8651,8486
8651,8515
8651,8601
8651,8610
8651,8725
8651,8866
8651,8898
8585,8413
8585,8471
8585,8486
8585,8666
8585,8697
8585,8764
8585,8778
8585,8827
8585,8866
8585,8869
8585,8955
8585,8972
8486,8471
8486,8523
8486,8530
8486,8544
8486,8605
8486,8780
8486,8898
8486,8929
8486,8978
8471,8399
8471,8401
8471,8409
8471,8411
8471,8413
8471,8424
8471,8427
8471,8429
8471,8438
8471,8444
8471,8446
8471,8454
8471,8470
8471,8476
8471,8479
8471,8482
8471,8487
8471,8489
8471,8491
8471,8492
8471,8495
8471,8496
8471,8499
8471,8505
8471,8515
8471,8523
8471,8531
8471,8532
8471,8536
8471,8544
8471,8545
8471,8547
8471,8550
8471,8554
8471,8555
8471,8561
8471,8574
8471,8576
8471,8577
8471,8584
8471,8597
8471,8598
8471,8603
8471,8605
8471,8606
8471,8610
8471,8611
8471,8626
8471,8628
8471,8642
8471,8648
8471,8655
8471,8660
8471,8666
8471,8668
8471,8673
8471,8674
8471,8685
8471,8688
8471,8695
8471,8697
8471,8701
8471,8702
8471,8708
8471,8712
8471,8714
8471,8718
8471,8722
8471,8731
8471,8732
8471,8735
8471,8737
8471,8738
8471,8750
8471,8757
8471,8763
8471,8769
8471,8776
8471,8778
8471,8780
8471,8792
8471,8795
8471,8800
8471,8821
8471,8824
8471,8826
8471,8830
8471,8831
8471,8844
8471,8848
8471,8855
8471,8866
8471,8871
8471,8873
8471,8875
8471,8877
8471,8878
8471,8879
8471,8883
8471,8884
8471,8899
8471,8903
8471,8913
8471,8919
8471,8920
8471,8922
8471,8924
8471,8925
8471,8940
8471,8942
8471,8944
8471,8945
8471,8947
8471,8951
8471,8955
8471,8958
8471,8961
8471,8964
8471,8968
8471,8969
8471,8970
8471,8976
8471,8977
8471,8978
8471,8979
8471,8981
8471,8982
8471,8997
8471,8999
8471,9002
8471,9004
8471,9008
8471,9010
8471,9013
8471,9020
8471,9022
8471,9023
8471,9026
8471,9030
8471,9036
8471,9041
8471,9046
8471,9050
8471,9053
8471,9058
8471,9062
8476,8555
8476,8702
8476,8735
8476,8920
8476,8925
8476,9062
8467,8538
8467,8780
8920,8409
8920,8436
8920,8440
8920,8471
8920,8482
8920,8495
8920,8597
8920,8606
8920,8611
8920,8660
8920,8831
8920,8855
8920,8871
8920,8873
8920,8877
8920,9013
8920,9022
8920,9033
8920,9062
8877,8531
8877,8831
8871,8413
8508,8405
8508,8422
8508,8434
8508,8478
8508,8490
8508,8525
8508,8580
8508,8586
8508,8682
8508,8686
8508,8700
8508,8742
8508,8814
8508,8893
8508,8894
8508,8911
8508,8914
8508,8949
8508,8986
8508,9048
8508,9055
8814,8416
8814,8417
8814,8484
8814,8566
8814,8592
8814,8736
8814,8882
8814,8914
8814,8949
8814,9000
8814,9039
8814,9048
8914,8428
8914,8484
8914,8497
8914,8511
8914,8566
8914,8575
8914,8580
8914,8652
8914,8709
8914,8742
8914,8788
8914,8811
8914,8888
8914,8912
8914,8946
8914,8988
8914,9045
9048,8511
9048,8552
9048,8580
9048,8682
8654,8510
8510,8781
8912,8402
8912,8407
8912,8417
8912,8428
8912,8455
8912,8456
8912,8465
8912,8468
8912,8500
8912,8575
8912,8630
8912,8637
8912,8645
8912,8704
8912,8706
8912,8709
8912,8719
8912,8756
8912,8761
8912,8771
8912,8789
8912,8806
8912,8832
8912,8870
8912,8891
8912,8900
8912,8907
8912,8908
8912,8916
8912,8928
8912,8935
8912,8946
8912,8962
8912,9001
8912,9015
8912,9034
8912,9039
8912,9045
8912,9057
8631,8716
9003,8428
9003,8435
9003,8439
9003,8493
9003,8632
9003,8637
9003,8692
9003,8850
9003,8945
9003,8952
9003,8973
9003,9030
8637,8583
8637,8692
8637,8851
8637,8996
8637,9005
8637,9022
8637,9063
9012,8861
9012,8973
8615,8563
8615,8619
8615,8680
8615,8751
8615,8823
8615,8840
8615,8975
8903,8413
8903,8454
8903,8467
8903,8532
8903,8574
8903,8576
8903,8685
8903,8697
8903,8702
8903,8708
8903,8722
8903,8763
8903,8780
8903,8821
8903,8855
8903,8879
8903,8919
8903,8920
8903,8927
8903,8961
8903,9026
8903,9062
8855,8968
8511,8533
8511,8759
8511,9042
8789,8517
8789,8771
8789,8890
8789,8943
8789,8962
8789,9029
8742,8405
8742,8417
8742,8419
8742,8781
8742,8786
8742,8801
8742,8832
8742,8912
8742,9006
8560,8682
8560,8781
8416,8621
8416,9014
9038,8709
9038,8716
9038,8759
9038,8900
8716,8488
8716,8517
8716,8650
8716,8759
8716,8788
8716,8941
8594,8428
8594,8500
8594,8517
8594,8588
8594,8620
8594,8710
8594,8805
8594,8962
8594,9003
8594,9024
8779,8526
8509,8522
8509,8548
8509,8563
8509,8638
8509,8711
8509,8743
8509,8751
8509,9005
8633,8896
9019,8697
8538,8855
8437,8575
8437,8706
8437,8794
8437,9037
8437,9057
8783,8448
8783,8542
8783,8549
8783,8559
8783,8647
8783,8677
8783,8736
8783,8798
8783,8914
8783,8915
8783,8933
8783,9060
8783,9064
8434,8417
8434,8465
8434,8484
8434,8789
8434,8912
8434,9065
9065,8484
9065,9031
8811,8552
8640,8500
8640,8558
8640,8612
8640,8618
8640,8710
8640,8756
8640,8897
8640,8927
8640,8932
8640,8962
8640,8967
8640,8973
8432,8962
8593,8413
8593,8447
8593,8573
8593,8595
8593,8612
8593,8616
8593,8618
8593,8629
8593,8646
8593,8765
8593,8796
8593,8803
8593,8810
8593,8820
8593,8849
8593,8850
8593,8907
8593,8923
8593,8973
8593,9003
8593,9012
8593,9054
8593,9063
8503,8413
8503,8415
8503,8420
8503,8457
8503,8471
8503,8477
8503,8501
8503,8513
8503,8541
8503,8615
8503,8635
8503,8641
8503,8661
8503,8680
8503,8692
8503,8743
8503,8751
8503,8753
8503,8803
8503,8816
8503,8822
8503,8828
8503,8850
8503,8853
8503,8859
8503,8918
8503,8926
8503,8975
8503,8985
8503,9005
8503,9046
8693,8473
8693,8514
8693,8548
8693,8711
8693,8816
8693,8840
8693,8994
8634,8415
8634,8421
8634,8443
8634,8479
8634,8661
8634,8679
8634,8866
8634,8975
8634,8978
8634,8985
8634,9046
8415,8420
8415,8421
8415,8473
8415,8660
8415,8697
8415,8705
8415,8730
8415,8744
8415,8751
8415,8753
8415,8850
8415,8878
8415,8945
8415,8985
8415,8994
8765,8413
8765,8420
8765,8428
8765,8493
8765,8528
8765,8548
8765,8751
8765,8753
8765,8778
8765,8805
8765,8816
8765,8828
8765,8945
8765,8973
9025,8471
9025,8597
9025,8610
9025,8651
9025,8658
9025,8753
9025,8840
9025,8921
9025,8984
9046,8471
9046,8530
9046,8705
9046,8782
9046,8786
9046,8866
9046,8927
9046,8942
9046,8979
9046,8994
8597,8413
8597,8424
8597,8459
8597,8471
8597,8561
8597,8574
8597,8601
8597,8611
8597,8636
8597,8651
8597,8655
8597,8666
8597,8668
8597,8778
8597,8831
8597,8869
8597,8878
8597,8899
8597,8961
8597,8969
8597,8972
8597,8978
8597,8982
8597,9022
8597,9062
8949,8419
8949,8652
8949,8709
8949,8912
8949,9001
8891,8500
8891,8630
8891,8756
8652,8417
8652,8419
8652,8451
8652,8484
8652,8490
8652,8566
8652,8580
8652,8630
8652,8773
8652,8806
8652,8912
8652,8916
8493,8413
8493,8471
8493,8573
8493,8600
8493,8812
8493,8837
8493,8859
8493,8861
8493,8978
8493,9022
8862,8835
8400,8480
8400,8483
8400,8559
8400,8814
8400,9065
8480,8462
9000,8434
9000,8478
9000,8484
9000,8506
9000,8533
9000,8566
9000,8580
9000,8639
9000,8652
9000,8742
9000,8906
9000,8912
9000,8935
9000,8949
9000,8950
9000,9048
9000,9065
8549,8767
8419,8402
8419,8417
8419,8497
8419,8613
8419,8788
8419,8818
8419,8832
8419,8890
8419,8900
8419,8912
8419,8935
8419,8995
8535,8724
8535,9051
8786,8402
8786,8404
8786,8413
8786,8415
8786,8421
8786,8428
8786,8431
8786,8447
8786,8471
8786,8500
8786,8503
8786,8516
8786,8527
8786,8529
8786,8541
8786,8546
8786,8563
8786,8564
8786,8583
8786,8593
8786,8596
8786,8612
8786,8617
8786,8630
8786,8640
8786,8645
8786,8646
8786,8663
8786,8681
8786,8683
8786,8684
8786,8692
8786,8709
8786,8711
8786,8743
8786,8744
8786,8748
8786,8749
8786,8751
8786,8756
8786,8765
8786,8772
8786,8778
8786,8802
8786,8803
8786,8805
8786,8825
8786,8828
8786,8837
8786,8839
8786,8850
8786,8859
8786,8870
8786,8874
8786,8907
8786,8908
8786,8932
8786,8945
8786,8956
8786,8962
8786,8971
8786,8978
8786,8990
8786,8994
8786,8996
8786,9003
8786,9006
8786,9022
8786,9043
8786,9045
8786,9063
8612,8747
8612,8766
8612,8796
8641,8404
8641,8420
8641,8501
8641,8509
8641,8599
8641,8634
8641,8693
8641,8698
8641,8726
8641,8743
8641,8768
8641,8827
8641,8869
8641,8975
8641,8978
8782,8413
8782,8427
8782,8459
8782,8471
8782,8473
8782,8476
8782,8477
8782,8481
8782,8514
8782,8557
8782,8567
8782,8597
8782,8603
8782,8610
8782,8653
8782,8705
8782,8751
8782,8760
8782,8778
8782,8824
8782,8866
8782,8869
8782,8945
8782,8970
8782,8972
8782,8978
8782,8982
8782,9011
8782,9021
8782,9022
8782,9025
8557,8418
8557,8466
8557,8610
8557,8984
8454,8685
8454,8836
8454,8855
8454,8917
8909,8845
8909,8934
8909,8936
8909,9017
8909,9037
8948,8428
8948,8640
8948,8747
8948,8916
8948,8932
8967,8785
8617,8778
8785,8421
8785,8593
8785,8734
8785,8945
8785,8962
8785,8973
8785,8983
8785,9003
8523,8866
8523,8878
8740,8428
8740,8463
8740,8516
8740,8916
8500,8410
8500,8421
8500,8428
8500,8432
8500,8456
8500,8469
8500,8527
8500,8546
8500,8585
8500,8587
8500,8591
8500,8593
8500,8594
8500,8620
8500,8638
8500,8640
8500,8663
8500,8676
8500,8683
8500,8710
8500,8720
8500,8746
8500,8756
8500,8758
8500,8774
8500,8785
8500,8786
8500,8805
8500,8850
8500,8870
8500,8897
8500,8907
8500,8927
8500,8931
8500,8945
8500,8956
8500,8962
8500,8983
8500,8985
8500,8990
8500,8993
8500,9003
8500,9006
8500,9007
8500,9012
8500,9022
8500,9024
8500,9054
8805,8410
8805,8413
8805,8497
8805,8526
8805,8527
8805,8563
8805,8618
8805,8638
8805,8786
8805,8810
8805,8945
8805,8956
8805,8962
8805,8967
8805,9063
8702,8424
8702,8942
8702,9004
9057,8417
9057,8430
9057,8434
9057,8465
9057,8478
9057,8560
9057,8654
9057,8664
9057,8686
9057,8736
9057,8783
9057,8797
9057,8912
9057,8914
9057,8953
9057,8962
9057,8991
9057,9000
9057,9027
9057,9065
8728,8516
8728,8720
8728,8945
8516,8428
8516,8500
8516,8587
8516,8630
8516,8640
8516,8785
8516,8870
8516,8931
8516,8956
8516,8962
8791,8692
8791,8709
8602,8985
8921,8471
8921,8610
8492,8401
8492,8550
8492,8584
8492,8866
8492,8899
8492,8903
8697,8413
8697,8446
8697,8471
8697,8531
8697,8660
8697,8821
8697,8855
8697,8879
8697,8884
8697,8920
8697,9050
8673,8409
8673,8454
8673,8471
8673,8531
8673,8778
8673,8821
8673,8927
8673,8945
8821,8413
8821,8471
8821,8532
8821,8545
8821,8547
8821,8555
8821,8576
8821,8606
8821,8660
8821,8673
8821,8745
8821,8831
8821,8855
8821,8917
8821,8942
8821,9004
8821,9013
8821,9026
8821,9028
8436,8413
8436,8454
8436,8495
8436,8879
8606,8877
8953,8519
8953,8752
8953,8845
8953,8914
8953,9000
8953,9047
8706,8465
8455,8402
8455,8428
8455,8497
8455,8500
8455,8517
8455,8704
8455,8719
8455,8771
8455,8806
8455,8870
8455,8916
8455,8943
8455,8962
8630,8413
8630,8432
8630,8439
8630,8447
8630,8456
8630,8464
8630,8469
8630,8500
8630,8517
8630,8583
8630,8587
8630,8593
8630,8594
8630,8596
8630,8620
8630,8634
8630,8640
8630,8656
8630,8663
8630,8676
8630,8683
8630,8692
8630,8704
8630,8724
8630,8756
8630,8768
8630,8785
8630,8786
8630,8799
8630,8927
8630,8931
8630,8937
8630,8945
8630,8956
8630,8962
8630,8967
8630,8973
8630,8974
8630,8975
8630,8978
8630,8983
8630,8993
8630,9003
8630,9022
8927,8428
8927,8446
8927,8450
8927,8500
8927,8516
8927,8663
8927,8665
8927,8785
8927,8792
8927,8805
8927,8850
8927,8866
8927,8945
8927,8956
8927,8962
8927,8973
8927,8985
8927,9003
8927,9046
8533,8405
8533,8419
8653,8574
8653,8697
8653,8866
8653,8879
8653,8997
8456,8587
8456,8684
8456,8962
8431,8837
8925,8492
8925,8701
8925,8866
9017,8445
9017,8987
9017,9037
8798,8506
8426,8771
8719,8517
8719,8786
8719,8948
8719,8995
8889,8569
8663,8620
8663,8850
8663,8870
8812,8692
8812,8803
8812,8837
8934,8430
8934,8437
8934,8445
8934,8483
8934,8508
8934,8512
8934,8524
8934,8639
8934,8640
8934,8652
8934,8704
8934,8787
8934,8794
8934,8807
8934,8845
8934,8862
8934,8885
8934,8894
8934,8914
8934,8936
8934,8950
8934,8953
8934,8991
8934,9000
8934,9017
8934,9037
8934,9057
8643,8778
8643,8812
9050,8454
9050,8611
9050,8670
9050,8776
9050,8855
8809,8640
8809,9066
9054,8859
9054,8956
9054,8973
9054,8996
8771,8425
8771,8428
8771,8657
8771,8704
8771,8719
8771,8740
8771,8756
8771,8865
8771,8870
8771,8889
8771,8895
8771,8907
8771,8916
8771,8956
8771,8995
8771,9006
8771,9049
8931,8558
8931,8932
8931,8962
8985,8413
8985,8415
8985,8421
8985,8476
8985,8492
8985,8528
8985,8655
8985,8679
8985,8681
8985,8692
8985,8697
8985,8707
8985,8757
8985,8786
8985,8828
8985,8850
8985,8866
8985,8899
8985,8907
8985,8927
8985,8945
8985,8975
8985,8994
8985,9026
8985,9059
8501,8415
8501,8778
8848,8470
8848,8852
8609,8611
8890,8575
8890,8806
8890,8907
8890,8943
8890,8962
8890,9006
9037,8437
9037,8885
9037,9047
8494,8486
8494,8733
8494,8866
8494,8868
8584,8866
8792,8550
8792,8666
8792,8778
8792,8826
8792,8856
8792,8919
8818,8709
8818,8890
8880,8402
8880,8500
8880,8517
8880,8962
8551,8692
8546,8691
8768,8415
8768,8599
8768,8610
8768,8743
8768,8751
8768,8828
8420,8528
8420,8730
8701,8479
8701,8491
8701,8502
8701,8666
8701,8826
8701,9035
8824,8446
8824,8459
8824,8476
8824,8574
8824,8611
8824,8666
8824,8873
8824,8940
8777,8561
8777,8920
8942,8505
8942,8671
8942,8688
8942,8718
8942,8722
8942,8846
8942,8848
8942,8855
8942,8873
8942,8879
8942,8965
8402,8500
8402,8565
8402,8630
8402,8837
8402,8927
8402,8962
8402,8990
8402,9003
8402,9044
8441,8810
8837,8413
8837,8526
8837,8548
8837,8563
8837,8600
8837,8692
8837,8744
8837,8784
8837,8850
8837,8861
8837,9019
8837,9022
8564,8537
8564,8692
8980,8414
8980,8528
8980,8690
8980,8692
8459,8585
8459,8610
8459,8778
8459,8840
8459,8898
8459,9021
8955,8471
8955,8866
8884,8668
8884,8917
8943,8500
8943,8704
8943,8761
8943,8771
8943,8895
8943,8907
8943,8992
8596,8503
8527,9024
8713,8526
8713,8564
8713,8692
8713,8778
8713,8870
8713,9022
8403,8978
8588,8412
8987,8508
8605,8955
8474,8466
9029,8575
9029,8709
8614,8404
8689,8828
8705,8492
8705,8597
8705,8760
8982,8492
8982,8555
8982,8603
8982,8866
8982,8873
8982,8878
8982,8899
8982,8913
8531,8454
8531,8547
8531,8628
8531,8636
8531,8660
8531,8668
8531,8718
8531,8831
8531,8871
8531,8879
8531,8881
8531,8951
8531,8976
8531,8998
8531,9020
8750,8675
8750,8762
8750,8841
8876,8737
8737,8696
8668,8855
8668,9053
8425,8825
8408,8517
8408,8786
9011,8984
8760,8610
8892,9062
9041,8489
8970,8598
8970,8603
8970,8611
8970,8737
8970,8800
8970,8873
8970,8968
8965,8547
9018,8496
9018,8611
9018,8636
8881,8440
8834,8500
8834,8630
8834,8746
8757,8436
8695,8545
8695,8655
8977,8969
8839,8681
9007,8413
9007,8563
9007,8803
9007,8907
9007,8945
8803,8399
8803,8421
8803,8487
8803,8528
8803,8548
8803,8615
8803,8638
8803,8661
8803,8679
8803,8680
8803,8692
8803,8709
8803,8711
8803,8726
8803,8815
8803,8825
8803,8850
8803,8866
8803,8945
8803,8980
8803,8985
8613,8716
8950,8906
8707,8765
8707,8778
8990,8413
8990,8837
8990,8923
8917,8454
8646,8815
8655,8750
8655,8804
8655,8903
8502,8968
8675,8413
8675,8685
8451,8962
8956,8410
8956,8428
8956,8432
8956,8587
8956,8704
8956,8774
8956,8850
8956,8907
8956,8945
8956,8962
8404,8926
8479,8436
8479,8446
8479,8550
8479,8660
8479,8695
8479,8697
8479,8879
8479,8886
8479,9026
8961,8409
8961,8446
8961,8531
8961,8603
8961,8778
8961,8831
8961,8879
8961,8951
8961,9013
8961,9022
8648,8836
8648,8855
8530,8424
8530,8471
8530,8479
8530,8555
8530,8866
8530,9022
8499,8674
8997,8413
8997,8547
8997,8550
8997,8577
8997,8597
8997,8611
8997,8636
8997,8660
8997,8666
8997,8673
8997,8780
8997,8824
8997,8855
8997,8945
8997,9018
8997,9022
8544,8607
8875,8642
8790,8866
8515,8531
8515,8757
8515,8903
8515,8945
8802,9007
9024,8588
9024,8593
9024,8765
9024,8778
9024,8810
9024,8850
9024,8939
9024,8962
9024,9054
8865,8704
8865,8864
8865,8916
8865,9042
8628,8660
8587,8441
8587,8449
8587,8517
8587,8521
8587,8593
8587,8600
8587,8618
8587,8637
8587,8778
8587,8810
8587,8850
8587,8874
8587,8932
8587,8939
8587,8962
8587,9024
8587,9054
8587,9067
8895,8428
8895,8630
8825,8413
8825,8428
8825,8471
8825,8500
8825,8546
8825,8563
8825,8596
8825,8599
8825,8614
8825,8618
8825,8663
8825,8681
8825,8692
8825,8711
8825,8761
8825,8778
8825,8786
8825,8805
8825,8809
8825,8816
8825,8820
8825,8839
8825,8850
8825,8865
8825,8870
8825,8907
8825,8926
8825,8927
8825,8945
8825,8978
8825,8985
8825,8996
8825,9046
8410,8587
8410,8810
8656,8500
8665,9025
8841,8655
8735,8855
8714,8668
8776,8876
8776,9013
8776,9022
8776,9053
8624,9062
8452,8970
8636,8648
8636,8769
8556,8471
8632,8413
8632,8459
8632,8504
8632,8824
8627,8866
8627,8867
8554,8776
8795,8446
8795,8584
8795,8824
8795,8978
8504,8610
8469,8962
8604,8455
8604,8575
8604,8957
8444,9041
8733,8913
8620,8709
8667,8709
8667,8789
8667,8832
8902,8455
8902,8517
8902,8575
8902,8870
8625,8517
8625,8709
8625,8756
8625,8916
