8399,8399
8400,8400
8401,8401
8402,8402
8403,8403
8404,8404
8405,8405
8406,8406
8407,8407
8408,8408
8409,8409
8410,8410
8411,8411
8412,8412
8413,8413
8414,8414
8415,8415
8416,8416
8417,8417
8418,8418
8419,8419
8420,8420
8421,8421
8422,8422
8423,8423
8424,8424
8425,8425
8426,8426
8427,8427
8428,8428
8429,8429
8430,8430
8431,8431
8432,8432
8433,8433
8434,8434
8435,8435
8436,8436
8437,8437
8438,8438
8439,8439
8440,8440
8441,8441
8442,8442
8443,8443
8444,8444
8445,8445
8446,8446
8447,8447
8448,8448
8449,8449
8450,8450
8451,8451
8452,8452
8453,8453
8454,8454
8455,8455
8456,8456
8457,8457
8458,8458
8459,8459
8460,8460
8461,8461
8462,8462
8463,8463
8464,8464
8465,8465
8466,8466
8467,8467
8468,8468
8469,8469
8470,8470
8471,8471
8472,8472
8473,8473
8474,8474
8475,8475
8476,8476
8477,8477
8478,8478
8479,8479
8480,8480
8481,8481
8482,8482
8483,8483
8484,8484
8485,8485
8486,8486
8487,8487
8488,8488
8489,8489
8490,8490
8491,8491
8492,8492
8493,8493
8494,8494
8495,8495
8496,8496
8497,8497
8498,8498
8499,8499
8500,8500
8501,8501
8502,8502
8503,8503
8504,8504
8505,8505
8506,8506
8507,8507
8508,8508
8509,8509
8510,8510
8511,8511
8512,8512
8513,8513
8514,8514
8515,8515
8516,8516
8517,8517
8518,8518
8519,8519
8520,8520
8521,8521
8522,8522
8523,8523
8524,8524
8525,8525
8526,8526
8527,8527
8528,8528
8529,8529
8530,8530
8531,8531
8532,8532
8533,8533
8534,8534
8535,8535
8536,8536
8537,8537
8538,8538
8539,8539
8540,8540
8541,8541
8542,8542
8543,8543
8544,8544
8545,8545
8546,8546
8547,8547
8548,8548
8549,8549
8550,8550
8551,8551
8552,8552
8553,8553
8554,8554
8555,8555
8556,8556
8557,8557
8558,8558
8559,8559
8560,8560
8561,8561
8562,8562
8563,8563
8564,8564
8565,8565
8566,8566
8567,8567
8568,8568
8569,8569
8570,8570
8571,8571
8572,8572
8573,8573
8574,8574
8575,8575
8576,8576
8577,8577
8578,8578
8579,8579
8580,8580
8581,8581
8582,8582
8583,8583
8584,8584
8585,8585
8586,8586
8587,8587
8588,8588
8589,8589
8590,8590
8591,8591
8592,8592
8593,8593
8594,8594
8595,8595
8596,8596
8597,8597
8598,8598
8599,8599
8600,8600
8601,8601
8602,8602
8603,8603
8604,8604
8605,8605
8606,8606
8607,8607
8608,8608
8609,8609
8610,8610
8611,8611
8612,8612
8613,8613
8614,8614
8615,8615
8616,8616
8617,8617
8618,8618
8619,8619
8620,8620
8621,8621
8622,8622
8623,8623
8624,8624
8625,8625
8626,8626
8627,8627
8628,8628
8629,8629
8630,8630
8631,8631
8632,8632
8633,8633
8634,8634
8635,8635
8636,8636
8637,8637
8638,8638
8639,8639
8640,8640
8641,8641
8642,8642
8643,8643
8644,8644
8645,8645
8646,8646
8647,8647
8648,8648
8649,8649
8650,8650
8651,8651
8652,8652
8653,8653
8654,8654
8655,8655
8656,8656
8657,8657
8658,8658
8659,8659
8660,8660
8661,8661
8662,8662
8663,8663
8664,8664
8665,8665
8666,8666
8667,8667
8668,8668
8669,8669
8670,8670
8671,8671
8672,8672
8673,8673
8674,8674
8675,8675
8676,8676
8677,8677
8678,8678
8679,8679
8680,8680
8681,8681
8682,8682
8683,8683
8684,8684
8685,8685
8686,8686
8687,8687
8688,8688
8689,8689
8690,8690
8691,8691
8692,8692
8693,8693
8694,8694
8695,8695
8696,8696
8697,8697
8698,8698
8699,8699
8700,8700
8701,8701
8702,8702
8703,8703
8704,8704
8705,8705
8706,8706
8707,8707
8708,8708
8709,8709
8710,8710
8711,8711
8712,8712
8713,8713
8714,8714
8715,8715
8716,8716
8717,8717
8718,8718
8719,8719
8720,8720
8721,8721
8722,8722
8723,8723
8724,8724
8725,8725
8726,8726
8727,8727
8728,8728
8729,8729
8730,8730
8731,8731
8732,8732
8733,8733
8734,8734
8735,8735
8736,8736
8737,8737
8738,8738
8739,8739
8740,8740
8741,8741
8742,8742
8743,8743
8744,8744
8745,8745
8746,8746
8747,8747
8748,8748
8749,8749
8750,8750
8751,8751
8752,8752
8753,8753
8754,8754
8755,8755
8756,8756
8757,8757
8758,8758
8759,8759
8760,8760
8761,8761
8762,8762
8763,8763
8764,8764
8765,8765
8766,8766
8767,8767
8768,8768
8769,8769
8770,8770
8771,8771
8772,8772
8773,8773
8774,8774
8775,8775
8776,8776
8777,8777
8778,8778
8779,8779
8780,8780
8781,8781
8782,8782
8783,8783
8784,8784
8785,8785
8786,8786
8787,8787
8788,8788
8789,8789
8790,8790
8791,8791
8792,8792
8793,8793
8794,8794
8795,8795
8796,8796
8797,8797
8798,8798
8799,8799
8800,8800
8801,8801
8802,8802
8803,8803
8804,8804
8805,8805
8806,8806
8807,8807
8808,8808
8809,8809
8810,8810
8811,8811
8812,8812
8813,8813
8814,8814
8815,8815
8816,8816
8817,8817
8818,8818
8819,8819
8820,8820
8821,8821
8822,8822
8823,8823
8824,8824
8825,8825
8826,8826
8827,8827
8828,8828
8829,8829
8830,8830
8831,8831
8832,8832
8833,8833
8834,8834
8835,8835
8836,8836
8837,8837
8838,8838
8839,8839
8840,8840
8841,8841
8842,8842
8843,8843
8844,8844
8845,8845
8846,8846
8847,8847
8848,8848
8849,8849
8850,8850
8851,8851
8852,8852
8853,8853
8854,8854
8855,8855
8856,8856
8857,8857
8858,8858
8859,8859
8860,8860
8861,8861
8862,8862
8863,8863
8864,8864
8865,8865
8866,8866
8867,8867
8868,8868
8869,8869
8870,8870
8871,8871
8872,8872
8873,8873
8874,8874
8875,8875
8876,8876
8877,8877
8878,8878
8879,8879
8880,8880
8881,8881
8882,8882
8883,8883
8884,8884
8885,8885
8886,8886
8887,8887
8888,8888
8889,8889
8890,8890
8891,8891
8892,8892
8893,8893
8894,8894
8895,8895
8896,8896
8897,8897
8898,8898
8899,8899
8900,8900
8901,8901
8902,8902
8903,8903
8904,8904
8905,8905
8906,8906
8907,8907
8908,8908
8909,8909
8910,8910
8911,8911
8912,8912
8913,8913
8914,8914
8915,8915
8916,8916
8917,8917
8918,8918
8919,8919
8920,8920
8921,8921
8922,8922
8923,8923
8924,8924
8925,8925
8926,8926
8927,8927
8928,8928
8929,8929
8930,8930
8931,8931
8932,8932
8933,8933
8934,8934
8935,8935
8936,8936
8937,8937
8938,8938
8939,8939
8940,8940
8941,8941
8942,8942
8943,8943
8944,8944
8945,8945
8946,8946
8947,8947
8948,8948
8949,8949
8950,8950
8951,8951
8952,8952
8953,8953
8954,8954
8955,8955
8956,8956
8957,8957
8958,8958
8959,8959
8960,8960
8961,8961
8962,8962
8963,8963
8964,8964
8965,8965
8966,8966
8967,8967
8968,8968
8969,8969
8970,8970
8971,8971
8972,8972
8973,8973
8974,8974
8975,8975
8976,8976
8977,8977
8978,8978
8979,8979
8980,8980
8981,8981
8982,8982
8983,8983
8984,8984
8985,8985
8986,8986
8987,8987
8988,8988
8989,8989
8990,8990
8991,8991
8992,8992
8993,8993
8994,8994
8995,8995
8996,8996
8997,8997
8998,8998
8999,8999
9000,9000
9001,9001
9002,9002
9003,9003
9004,9004
9005,9005
9006,9006
9007,9007
9008,9008
9009,9009
9010,9010
9011,9011
9012,9012
9013,9013
9014,9014
9015,9015
9016,9016
9017,9017
9018,9018
9019,9019
9020,9020
9021,9021
9022,9022
9023,9023
9024,9024
9025,9025
9026,9026
9027,9027
9028,9028
9029,9029
9030,9030
9031,9031
9032,9032
9033,9033
9034,9034
9035,9035
9036,9036
9037,9037
9038,9038
9039,9039
9040,9040
9041,9041
9042,9042
9043,9043
9044,9044
9045,9045
9046,9046
9047,9047
9048,9048
9049,9049
9050,9050
9051,9051
9052,9052
9053,9053
9054,9054
9055,9055
9056,9056
9057,9057
9058,9058
9059,9059
9060,9060
9061,9061
9062,9062
9063,9063
9064,9064
9065,9065
9066,9066
9067,9067
9068,9068
9069,9069

8807,8622
8807,8835
8807,8894
8807,8909
8807,8934
8807,8953
8807,9000
8835,8400
8835,8445
8835,8519
8835,8524
8835,8845
8835,8936
8936,9017
8445,8520
8445,8845
8845,8437
8845,8519
8845,8520
8845,8582
8845,8717
8845,8755
8845,8783
8845,8794
8845,8819
8845,8885
8845,9047
8519,8405
8519,8508
8519,8524
8519,8652
8519,8717
8519,8783
8519,8794
8519,8798
8519,8894
8519,8914
8519,9047
8519,9057
9047,8400
9047,8480
9047,8483
9047,8542
9047,8717
9047,8752
9047,8794
9047,8819
9047,8966
9047,8991
9047,9000
9047,9039
9047,9055
9047,9057
8794,8400
8794,8483
8794,8484
8794,8490
8794,8508
8794,8511
8794,8559
8794,8566
8794,8586
8794,8652
8794,8686
8794,8752
8794,8838
8794,8914
8794,8915
8794,8949
8794,8950
8794,8953
8794,8966
8794,8991
8794,9000
8794,9027
8794,9039
8794,9048
8794,9057
8966,8462
8966,8838
8838,8847
8838,8954
8752,8549
8752,8946
8484,8405
8484,8416
8484,8417
8484,8422
8484,8465
8484,8468
8484,8488
8484,8490
8484,8510
8484,8552
8484,8566
8484,8700
8484,8706
8484,8716
8484,8781
8484,8882
8484,8888
8484,8890
8484,8912
8484,8935
8484,9034
8484,9038
8490,8405
8490,8422
8490,8566
8490,8801
8490,8813
8490,8882
8490,8988
8490,9001
8566,8742
8566,8912
8566,8946
9039,8543
9039,8560
9039,8589
9039,8621
9039,8742
9039,8781
9039,8783
9039,8811
9039,8814
9039,8819
9039,8847
9039,8888
9039,8906
9039,8953
9039,8966
9039,8986
9039,8988
9039,9000
9039,9057
8801,8417
8552,8417
8882,8468
8888,8654
8405,8419
8405,8468
8405,8912
8781,8419
8781,8468
8781,8682
8781,8900
8781,8912
8682,8416
8682,8442
8682,8465
8682,8468
8682,8498
8682,8631
8468,8416
8468,8417
8468,8442
8468,8453
8468,8465
8468,8498
8468,8631
8468,8716
8468,8759
8468,8857
8468,8905
8468,8941
8468,8946
8468,9014
8468,9034
8468,9038
8465,8416
8465,8417
8465,8485
8465,8613
8465,8621
8465,8716
8465,8905
8465,8935
8465,9038
8417,8423
8417,8453
8417,8485
8417,8517
8417,8575
8417,8613
8417,8621
8417,8709
8417,8716
8417,8727
8417,8759
8417,8788
8417,8789
8417,8818
8417,8832
8417,8857
8417,8890
8417,8900
8417,8904
8417,8905
8417,8935
8417,8946
8417,8953
8417,8957
8417,9001
8417,9038
8417,9039
8417,9040
9034,8485
8453,8423
8946,8904
8485,8442
8485,9014
9014,8759
9014,9038
8900,8488
8900,8571
8900,8832
8900,8935
8900,8957
8900,9001
8759,8488
8759,8571
8759,8650
8759,8788
8759,8904
8759,8941
8759,9001
8941,8571
8941,8727
8941,8788
8788,8575
8788,8650
8788,8709
8788,8741
8788,8900
8788,8928
8788,8935
8788,8957
8788,9001
9001,8709
9001,8818
9001,8928
9001,8935
8571,8488
8571,8517
8571,8741
8571,8928
8488,8741
8488,8832
8488,8935
8928,8517
8928,8575
8928,8709
8928,8832
8928,8833
8928,9029
8935,8455
8935,8517
8935,8575
8935,8604
8935,8667
8935,8678
8935,8704
8935,8709
8935,8741
8935,8789
8935,8818
8935,8832
8935,8833
8935,8870
8935,8928
8935,8957
8935,9029
8935,9040
8832,8455
8832,8517
8832,8575
8832,8709
8832,8789
8832,8806
8832,8818
8832,8833
8832,8870
8832,8890
8832,8907
8832,8957
8832,9029
8709,8407
8709,8413
8709,8426
8709,8428
8709,8439
8709,8455
8709,8461
8709,8472
8709,8497
8709,8503
8709,8509
8709,8517
8709,8528
8709,8548
8709,8563
8709,8564
8709,8575
8709,8604
8709,8615
8709,8630
8709,8633
8709,8635
8709,8638
8709,8641
8709,8661
8709,8678
8709,8689
8709,8692
8709,8693
8709,8698
8709,8704
8709,8711
8709,8726
8709,8743
8709,8756
8709,8761
8709,8765
8709,8771
8709,8786
8709,8803
8709,8806
8709,8815
8709,8828
8709,8850
8709,8858
8709,8859
8709,8865
8709,8870
8709,8891
8709,8907
8709,8916
8709,8927
8709,8930
8709,8945
8709,8957
8709,8975
8709,8980
8709,8985
8709,8992
8709,8994
8709,8995
8709,9006
8709,9019
8709,9022
8709,9052
8709,9056
8957,8455
8957,8497
8957,8517
8957,8575
8957,8806
8957,8832
8957,8907
8957,8916
8575,8428
8575,8455
8575,8517
8575,8645
8575,8704
8575,8761
8575,8806
8575,8916
8575,8948
8575,8962
8575,9006
8517,8402
8517,8407
8517,8408
8517,8426
8517,8428
8517,8432
8517,8441
8517,8472
8517,8497
8517,8500
8517,8516
8517,8535
8517,8539
8517,8587
8517,8630
8517,8637
8517,8645
8517,8683
8517,8704
8517,8710
8517,8719
8517,8756
8517,8761
8517,8778
8517,8786
8517,8806
8517,8834
8517,8851
8517,8864
8517,8870
8517,8907
8517,8916
8517,8932
8517,8943
8517,8948
8517,8956
8517,8962
8517,8963
8517,8971
8517,8992
8517,8993
8517,9006
8517,9015
8517,9044
8517,9045
8806,8407
8806,8426
8806,8428
8806,8497
8806,8704
8806,8719
8806,8740
8806,8771
8806,8778
8806,8786
8806,8865
8806,8870
8806,8887
8806,8895
8806,8907
8806,8916
8806,8943
8806,8992
8806,8995
8806,9006
8806,9015
8806,9068
8407,8425
8407,8704
8407,8771
8407,8907
8407,8995
8992,8425
8992,8704
8992,8771
8992,8870
8992,9006
8870,8402
8870,8408
8870,8413
8870,8428
8870,8431
8870,8432
8870,8449
8870,8463
8870,8464
8870,8472
8870,8475
8870,8493
8870,8497
8870,8500
8870,8516
8870,8517
8870,8553
8870,8578
8870,8581
8870,8587
8870,8618
8870,8630
8870,8640
8870,8657
8870,8692
8870,8704
8870,8710
8870,8728
8870,8740
8870,8744
8870,8748
8870,8756
8870,8761
8870,8770
8870,8771
8870,8774
8870,8778
8870,8779
8870,8785
8870,8786
8870,8805
8870,8809
8870,8825
8870,8834
8870,8850
8870,8864
8870,8865
8870,8872
8870,8887
8870,8889
8870,8891
8870,8907
8870,8908
8870,8916
8870,8927
8870,8945
8870,8956
8870,8962
8870,8973
8870,8983
8870,8993
8870,8995
8870,8996
8870,9006
8870,9015
8870,9022
8870,9042
8870,9045
8870,9049
8870,9056
8870,9069
8907,8408
8907,8413
8907,8428
8907,8439
8907,8451
8907,8497
8907,8500
8907,8509
8907,8517
8907,8539
8907,8548
8907,8553
8907,8563
8907,8578
8907,8594
8907,8614
8907,8618
8907,8630
8907,8634
8907,8638
8907,8641
8907,8681
8907,8704
8907,8709
8907,8710
8907,8719
8907,8728
8907,8740
8907,8743
8907,8746
8907,8756
8907,8761
8907,8778
8907,8786
8907,8803
8907,8805
8907,8809
8907,8810
8907,8812
8907,8815
8907,8817
8907,8825
8907,8828
8907,8849
8907,8850
8907,8864
8907,8870
8907,8889
8907,8891
8907,8895
8907,8908
8907,8916
8907,8927
8907,8937
8907,8945
8907,8948
8907,8962
8907,8985
8907,8995
8907,9006
8907,9015
8907,9022
8907,9044
8907,9045
8907,9056
9006,8428
9006,8500
9006,8612
9006,8618
9006,8663
9006,8703
9006,8704
9006,8710
9006,8719
9006,8825
9006,8870
9006,8889
9006,8907
9006,8908
9006,8916
9006,8948
9006,8962
9006,8995
9006,9045
8995,8428
8995,8463
8995,8500
8995,8516
8995,8517
8995,8553
8995,8565
8995,8630
8995,8740
8995,8761
8995,8870
8995,8880
8995,8889
8995,8916
8995,8962
8995,9015
8995,9042
8995,9044
8761,8408
8761,8428
8761,8535
8761,8553
8761,8630
8761,8683
8761,8756
8761,8771
8761,8786
8761,8793
8761,8805
8761,8864
8761,8870
8761,8916
8761,8948
8761,9045
8908,8500
8908,8517
8908,8630
8908,8962
8864,8517
8864,8630
8864,8657
8864,8740
8864,8786
8864,8891
8864,8916
8864,8971
8864,9024
8864,9044
8428,8402
8428,8413
8428,8431
8428,8432
8428,8441
8428,8451
8428,8456
8428,8500
8428,8516
8428,8517
8428,8535
8428,8539
8428,8540
8428,8565
8428,8569
8428,8587
8428,8593
8428,8594
8428,8612
8428,8618
8428,8630
8428,8637
8428,8640
8428,8645
8428,8656
8428,8683
8428,8692
8428,8704
8428,8709
8428,8720
8428,8728
8428,8740
8428,8746
8428,8748
8428,8756
8428,8758
8428,8765
8428,8778
8428,8785
8428,8786
8428,8802
8428,8803
8428,8805
8428,8850
8428,8861
8428,8864
8428,8870
8428,8880
8428,8907
8428,8908
8428,8916
8428,8927
8428,8931
8428,8932
8428,8937
8428,8945
8428,8948
8428,8956
8428,8962
8428,8963
8428,8973
8428,8996
8428,9006
8428,9022
8428,9024
8428,9044
8428,9045
8428,9051
8428,9054
8428,9063
9045,8428
9045,8516
9045,8517
9045,8569
9045,8630
9045,8663
9045,8710
9045,8728
9045,8880
9045,8962
9051,8428
9051,8645
8645,8451
8645,8500
8645,8630
8645,8640
8645,8644
8645,8683
8645,8704
8645,8710
8645,8756
8645,8962
8645,9044
9044,8565
9044,8630
9044,8756
9044,8891
9044,8962
8704,8402
8704,8408
8704,8428
8704,8456
8704,8472
8704,8497
8704,8500
8704,8517
8704,8535
8704,8569
8704,8587
8704,8588
8704,8591
8704,8594
8704,8618
8704,8620
8704,8630
8704,8637
8704,8640
8704,8644
8704,8645
8704,8683
8704,8710
8704,8740
8704,8756
8704,8761
8704,8778
8704,8786
8704,8805
8704,8825
8704,8834
8704,8864
8704,8870
8704,8880
8704,8887
8704,8889
8704,8895
8704,8907
8704,8908
8704,8916
8704,8927
8704,8932
8704,8948
8704,8956
8704,8962
8704,8967
8704,8995
8704,9015
8704,9024
8704,9051
8704,9056
8756,8428
8756,8441
8756,8456
8756,8500
8756,8558
8756,8587
8756,8591
8756,8594
8756,8617
8756,8618
8756,8637
8756,8662
8756,8663
8756,8683
8756,8704
8756,8710
8756,8724
8756,8734
8756,8766
8756,8770
8756,8774
8756,8785
8756,8805
8756,8842
8756,8850
8756,8927
8756,8932
8756,8945
8756,8962
8756,8967
8756,8983
8756,8993
8756,9006
8756,9063
8710,8441
8710,8618
8710,8683
8710,8805
8710,8874
8710,8927
8710,8932
8710,8945
8710,8962
8710,8993
8993,8441
8993,8527
8993,8617
8993,8683
8993,8765
8993,8945
8993,8962
8618,8413
8618,8441
8618,8529
8618,8539
8618,8591
8618,8612
8618,8617
8618,8720
8618,8785
8618,8786
8618,8810
8618,8850
8618,8932
8618,8945
8618,8962
8618,8983
8618,9054
8618,9063
8932,8432
8932,8464
8932,8558
8932,8593
8932,8612
8932,8617
8932,8720
8932,8799
8932,8850
8932,8851
8932,8962
8932,9024
8932,9063
8983,8447
8983,8593
8983,8629
8983,8676
8983,8749
8983,8850
8983,8872
8983,9007
8983,9054
8962,8412
8962,8413
8962,8428
8962,8431
8962,8435
8962,8441
8962,8447
8962,8449
8962,8493
8962,8517
8962,8521
8962,8526
8962,8529
8962,8540
8962,8581
8962,8583
8962,8588
8962,8593
8962,8595
8962,8612
8962,8618
8962,8629
8962,8637
8962,8643
8962,8646
8962,8662
8962,8684
8962,8692
8962,8744
8962,8748
8962,8749
8962,8778
8962,8779
8962,8785
8962,8796
8962,8799
8962,8810
8962,8812
8962,8820
8962,8837
8962,8842
8962,8849
8962,8850
8962,8851
8962,8870
8962,8872
8962,8907
8962,8923
8962,8939
8962,8945
8962,8952
8962,8956
8962,8973
8962,8974
8962,8983
8962,8990
8962,8996
8962,9003
8962,9007
8962,9012
8962,9016
8962,9022
8962,9024
8962,9054
8962,9063
8962,9066
8962,9067
8810,8413
8810,8428
8810,8493
8810,8617
8810,8662
8810,8747
8810,8748
8810,8765
8810,8774
8810,8851
8810,8952
8810,8956
8810,8990
8810,8996
8810,9012
8810,9063
8540,8428
8413,8415
8413,8421
8413,8428
8413,8431
8413,8439
8413,8446
8413,8454
8413,8471
8413,8482
8413,8493
8413,8494
8413,8503
8413,8505
8413,8509
8413,8526
8413,8531
8413,8541
8413,8546
8413,8547
8413,8548
8413,8551
8413,8555
8413,8561
8413,8563
8413,8564
8413,8574
8413,8583
8413,8585
8413,8596
8413,8597
8413,8600
8413,8610
8413,8611
8413,8614
8413,8638
8413,8641
8413,8643
8413,8659
8413,8660
8413,8668
8413,8673
8413,8675
8413,8685
8413,8690
8413,8692
8413,8693
8413,8709
8413,8711
8413,8712
8413,8731
8413,8737
8413,8743
8413,8744
8413,8748
8413,8751
8413,8754
8413,8769
8413,8772
8413,8778
8413,8779
8413,8780
8413,8782
8413,8784
8413,8786
8413,8800
8413,8803
8413,8805
8413,8812
8413,8825
8413,8831
8413,8837
8413,8839
8413,8850
8413,8855
8413,8858
8413,8859
8413,8861
8413,8870
8413,8871
8413,8873
8413,8878
8413,8879
8413,8907
8413,8926
8413,8927
8413,8930
8413,8942
8413,8945
8413,8951
8413,8960
8413,8964
8413,8972
8413,8973
8413,8974
8413,8978
8413,8982
8413,8985
8413,8994
8413,8996
8413,9005
8413,9012
8413,9013
8413,9016
8413,9022
8413,9043
8413,9046
8413,9052
8413,9062
8413,9063
8583,8493
8583,8692
8583,8744
8583,8837
8583,8952
8583,8973
8583,8996
8583,9022
8748,8431
8748,8526
8748,8646
8748,8952
8748,8973
8748,8996
8748,9022
8973,8413
8973,8493
8973,8526
8973,8551
8973,8583
8973,8646
8973,8692
8973,8709
8973,8744
8973,8779
8973,8803
8973,8812
8973,8837
8973,8850
8973,8861
8973,8870
8973,8923
8973,8945
8973,8952
8973,9022
8692,8413
8692,8415
8692,8439
8692,8461
8692,8503
8692,8509
8692,8526
8692,8528
8692,8546
8692,8548
8692,8563
8692,8564
8692,8573
8692,8602
8692,8608
8692,8633
8692,8634
8692,8641
8692,8681
8692,8689
8692,8691
8692,8698
8692,8709
8692,8711
8692,8726
8692,8751
8692,8765
8692,8778
8692,8782
8692,8791
8692,8803
8692,8805
8692,8815
8692,8822
8692,8829
8692,8839
8692,8850
8692,8858
8692,8859
8692,8861
8692,8907
8692,8927
8692,8945
8692,8975
8692,8980
8692,9005
8692,9022
8692,9043
8692,9052
8692,9069
8778,8402
8778,8403
8778,8410
8778,8413
8778,8428
8778,8446
8778,8471
8778,8486
8778,8504
8778,8516
8778,8517
8778,8555
8778,8561
8778,8569
8778,8597
8778,8610
8778,8617
8778,8640
8778,8645
8778,8666
8778,8673
8778,8692
8778,8695
8778,8709
8778,8744
8778,8748
8778,8751
8778,8765
8778,8782
8778,8786
8778,8795
8778,8805
8778,8810
8778,8837
8778,8850
8778,8858
8778,8859
8778,8861
8778,8870
8778,8907
8778,8945
8778,8956
8778,8959
8778,8960
8778,8962
8778,8972
8778,8978
8778,8993
8778,8996
8778,8997
8778,9005
8778,9022
8778,9025
8526,8546
8526,8563
8526,8573
8526,8691
8526,8692
8526,8709
8526,8711
8526,8803
8526,8858
8526,8859
8526,8861
8526,8945
8526,9043
8861,8413
8861,8439
8861,8461
8861,8503
8861,8537
8861,8546
8861,8564
8861,8573
8861,8596
8861,8672
8861,8691
8861,8692
8861,8709
8861,8768
8861,8791
8861,8803
8861,8822
8861,8839
8861,8850
8861,8858
8861,8859
8861,8930
8861,8945
8861,8996
8861,9022
8861,9043
8861,9069
8573,8692
8573,8805
8573,9069
8945,8413
8945,8415
8945,8420
8945,8421
8945,8428
8945,8431
8945,8435
8945,8446
8945,8454
8945,8459
8945,8466
8945,8471
8945,8494
8945,8503
8945,8528
8945,8537
8945,8546
8945,8555
8945,8563
8945,8574
8945,8596
8945,8597
8945,8600
8945,8606
8945,8610
8945,8612
8945,8632
8945,8634
8945,8637
8945,8638
8945,8643
8945,8653
8945,8660
8945,8665
8945,8666
8945,8673
8945,8676
8945,8681
8945,8689
8945,8690
8945,8691
8945,8692
8945,8697
8945,8705
8945,8709
8945,8711
8945,8743
8945,8744
8945,8751
8945,8753
8945,8765
8945,8778
8945,8782
8945,8786
8945,8803
8945,8805
8945,8812
8945,8816
8945,8825
8945,8829
8945,8837
8945,8839
8945,8840
8945,8849
8945,8850
8945,8858
8945,8859
8945,8861
8945,8866
8945,8870
8945,8898
8945,8907
8945,8920
8945,8927
8945,8951
8945,8961
8945,8962
8945,8972
8945,8973
8945,8975
8945,8978
8945,8982
8945,8983
8945,8985
8945,8996
8945,8998
8945,9013
8945,9022
8945,9025
8945,9046
8945,9052
8945,9062
8945,9063
8945,9067
8945,9069
8996,8413
8996,8431
8996,8493
8996,8526
8996,8551
8996,8643
8996,8748
8996,8772
8996,8778
8996,8784
8996,8786
8996,8802
8996,8825
8996,8870
8996,8973
8996,9022
8996,9063
8996,9067
8996,9069
8691,8461
8691,8564
8691,8692
8691,8858
8691,8859
9069,8537
9069,8596
9069,8608
9069,8858
8858,8439
8858,8461
8858,8503
8858,8509
8858,8614
8858,8638
8858,8672
8858,8692
8858,8709
8858,8778
8858,8822
8858,8839
8858,8850
8858,8859
8858,8870
8858,8907
8858,8945
8858,8985
8461,8439
8461,8503
8461,8602
8461,8641
8461,8709
8461,8859
8859,8404
8859,8413
8859,8415
8859,8420
8859,8421
8859,8439
8859,8458
8859,8501
8859,8503
8859,8509
8859,8513
8859,8518
8859,8528
8859,8548
8859,8563
8859,8572
8859,8599
8859,8602
8859,8614
8859,8615
8859,8619
8859,8633
8859,8634
8859,8638
8859,8641
8859,8659
8859,8669
8859,8680
8859,8681
8859,8689
8859,8690
8859,8692
8859,8693
8859,8707
8859,8709
8859,8711
8859,8743
8859,8751
8859,8753
8859,8765
8859,8768
8859,8778
8859,8786
8859,8803
8859,8815
8859,8817
8859,8823
8859,8828
8859,8829
8859,8853
8859,8860
8859,8907
8859,8945
8859,8975
8859,8980
8859,8985
8859,8989
8859,8994
8859,9005
8859,9019
8859,9022
8859,9052
8638,8415
8638,8513
8638,8599
8638,8634
8638,8659
8638,8669
8638,8679
8638,8680
8638,8692
8638,8693
8638,8711
8638,8743
8638,8817
8638,8825
8638,8828
8638,8853
8638,8985
8711,8415
8711,8420
8711,8501
8711,8548
8711,8563
8711,8633
8711,8692
8711,8698
8711,8743
8711,8751
8711,8778
8711,8816
8711,8945
8711,8975
8711,8994
8711,9046
8743,8404
8743,8420
8743,8458
8743,8513
8743,8563
8743,8572
8743,8599
8743,8634
8743,8669
8743,8679
8743,8680
8743,8689
8743,8707
8743,8817
8743,8823
8743,8828
8743,8853
8743,8860
8743,8975
8743,8985
8743,8994
8743,9019
8599,8415
8599,8563
8599,8828
8599,8829
8599,8975
8975,8457
8975,8501
8975,8528
8975,8548
8975,8563
8975,8633
8975,8679
8975,8680
8975,8681
8975,8689
8975,8693
8975,8707
8975,8751
8975,8765
8975,8815
8975,8828
8975,8978
8975,8985
8975,9005
8563,8415
8563,8443
8563,8458
8563,8501
8563,8548
8563,8633
8563,8661
8563,8680
8563,8681
8563,8690
8563,8692
8563,8693
8563,8707
8563,8721
8563,8751
8563,8753
8563,8765
8563,8778
8563,8782
8563,8786
8563,8815
8563,8816
8563,8823
8563,8850
8563,8918
8563,8926
8563,8980
8563,8985
8563,8989
8563,8994
8563,9005
8563,9022
8563,9052
8751,8413
8751,8420
8751,8471
8751,8475
8751,8522
8751,8548
8751,8601
8751,8610
8751,8651
8751,8692
8751,8693
8751,8705
8751,8711
8751,8744
8751,8753
8751,8765
8751,8778
8751,8782
8751,8828
8751,8850
8751,8918
8751,8938
8751,8959
8751,8960
8751,8975
8751,8978
8751,8994
8751,9005
8751,9022
8751,9052
8815,8707
8815,8829
8815,8850
8815,8980
8548,8406
8548,8413
8548,8414
8548,8420
8548,8421
8548,8501
8548,8528
8548,8661
8548,8681
8548,8690
8548,8711
8548,8751
8548,8753
8548,8778
8548,8782
8548,8816
8548,8829
8548,8860
8548,8978
8548,8980
8548,8994
8548,9005
8548,9019
8548,9022
8548,9052
8681,8415
8681,8421
8681,8994
8681,9046
8753,8414
8753,8420
8753,8421
8753,8528
8753,8548
8753,8690
8753,8751
8753,8782
8753,8816
8753,8830
8753,8850
8753,8926
8753,8978
8753,8994
8753,9046
8753,9052
8816,8690
8816,8711
8816,8751
8816,8782
8816,8994
8816,9052
8850,8413
8850,8421
8850,8428
8850,8431
8850,8497
8850,8503
8850,8517
8850,8526
8850,8529
8850,8583
8850,8593
8850,8596
8850,8617
8850,8618
8850,8637
8850,8643
8850,8646
8850,8676
8850,8692
8850,8709
8850,8713
8850,8734
8850,8748
8850,8765
8850,8774
8850,8778
8850,8779
8850,8782
8850,8786
8850,8803
8850,8810
8850,8820
8850,8829
8850,8839
8850,8851
8850,8859
8850,8861
8850,8870
8850,8907
8850,8923
8850,8927
8850,8945
8850,8952
8850,8973
8850,8985
8850,8990
8850,8994
8850,8996
8850,9003
8850,9007
8850,9012
8850,9022
8850,9046
8850,9052
8850,9054
8850,9063
8528,8406
8528,8421
8528,8457
8528,8473
8528,8475
8528,8518
8528,8690
8528,8726
8528,8751
8528,8829
8528,8918
8528,8926
8528,8978
8528,8994
8528,9005
8528,9052
8690,8406
8690,8421
8690,8443
8690,8457
8690,8473
8690,8475
8690,8541
8690,8721
8690,8726
8690,8829
8690,8918
8690,8926
8690,9052
8918,8421
8918,9052
8994,8403
8994,8406
8994,8421
8994,8457
8994,8473
8994,8481
8994,8507
8994,8522
8994,8528
8994,8541
8994,8690
8994,8726
8994,8751
8994,8754
8994,8782
8994,8829
8994,8850
8994,8918
8994,8926
8994,8959
8994,8960
8994,8978
8994,9005
8994,9022
8994,9052
9052,8403
9052,8406
9052,8413
9052,8421
9052,8433
9052,8474
9052,8475
9052,8481
9052,8507
9052,8518
9052,8522
9052,8541
9052,8557
9052,8579
9052,8610
9052,8616
9052,8617
9052,8651
9052,8692
9052,8711
9052,8726
9052,8730
9052,8744
9052,8778
9052,8782
9052,8828
9052,8870
9052,8896
9052,8938
9052,8959
9052,8960
9052,8978
9052,9005
9052,9022
8726,8421
8726,8481
8726,8978
8421,8403
8421,8406
8421,8413
8421,8433
8421,8473
8421,8474
8421,8475
8421,8481
8421,8541
8421,8557
8421,8562
8421,8579
8421,8616
8421,8681
8421,8692
8421,8721
8421,8751
8421,8778
8421,8782
8421,8829
8421,8850
8421,8859
8421,8863
8421,8870
8421,8945
8421,8978
8421,9025
8421,9046
8978,8403
8978,8414
8978,8418
8978,8429
8978,8459
8978,8466
8978,8471
8978,8475
8978,8476
8978,8477
8978,8481
8978,8494
8978,8518
8978,8554
8978,8557
8978,8562
8978,8568
8978,8585
8978,8597
8978,8610
8978,8616
8978,8617
8978,8632
8978,8651
8978,8665
8978,8705
8978,8744
8978,8751
8978,8760
8978,8778
8978,8782
8978,8824
8978,8828
8978,8829
8978,8840
8978,8863
8978,8866
8978,8878
8978,8896
8978,8898
8978,8921
8978,8922
8978,8945
8978,8955
8978,8959
8978,8960
8978,8972
8978,8999
8978,9011
8978,9022
8978,9025
8978,9046
8978,9059
8475,8403
8475,8413
8475,8473
8475,8518
8475,8557
8475,8597
8475,8610
8475,8616
8475,8632
8475,8658
8475,8829
8475,8959
8475,8960
8475,8978
8475,9011
8475,9022
8475,9025
8829,8518
8829,8562
8829,8610
8829,8690
8829,8726
8829,8945
8829,8959
8829,8960
8829,8978
8473,8421
8473,8522
8473,9052
8960,8466
8960,8475
8960,8557
8960,8828
8960,8921
8960,8959
8960,9025
8959,8459
8959,8466
8959,8475
8959,8477
8959,8504
8959,8557
8959,8562
8959,8585
8959,8610
8959,8632
8959,8651
8959,8665
8959,8760
8959,8778
8959,8782
8959,8824
8959,8828
8959,8921
8959,9025
8959,9059
8828,8563
8828,8680
8828,8681
8828,8693
8828,8751
8828,8823
8828,8945
8828,8980
8828,9005
8828,9019
8562,8557
8477,8466
8477,9025
8466,8471
8466,8610
8466,8984
8466,9011
8466,9025
8984,8556
8984,8610
8984,8651
8610,8413
8610,8418
8610,8450
8610,8466
8610,8471
8610,8476
8610,8486
8610,8492
8610,8494
8610,8523
8610,8530
8610,8567
8610,8585
8610,8597
8610,8601
8610,8605
8610,8607
8610,8624
8610,8627
8610,8653
8610,8725
8610,8733
8610,8739
8610,8751
8610,8753
8610,8760
8610,8778
8610,8790
8610,8840
8610,8866
8610,8868
8610,8869
8610,8878
8610,8898
8610,8899
8610,8922
8610,8925
8610,8929
8610,8945
8610,8972
8610,8978
8610,8979
8610,8982
8610,8985
8610,9021
8610,9022
8610,9035
9021,8471
9021,8840
8840,8418
8840,8471
8840,8486
8840,8585
8840,8610
8840,8866
8840,8869
8840,8898
8840,8929
8840,8947
8840,8972
8840,9030
8898,8450
8898,8471
8898,8486
8898,8567
8898,8585
8898,8605
8898,8610
8898,8869
8898,8945
8898,8972
8972,8413
8972,8418
8972,8429
8972,8466
8972,8471
8972,8486
8972,8523
8972,8544
8972,8555
8972,8567
8972,8585
8972,8597
8972,8610
8972,8624
8972,8653
8972,8778
8972,8827
8972,8866
8972,8869
8972,8922
8972,8925
8972,8945
8972,8978
8868,8471
8868,8486
8868,8866
8868,8869
8567,8471
8567,8597
8567,8778
8418,8486
8418,8487
8418,8840
8418,8866
8418,8869
8418,8929
8869,8471
8869,8486
8869,8597
8869,8699
8869,8795
8869,8866
8869,8922
8869,8929
8929,8471
8929,8523
8487,8878
8830,8994
8878,8413
8878,8424
8878,8429
8878,8471
8878,8476
8878,8492
8878,8499
8878,8530
8878,8555
8878,8597
8878,8666
8878,8673
8878,8702
8878,8778
8878,8780
8878,8792
8878,8821
8878,8824
8878,8866
8878,8899
8878,8903
8878,8925
8878,8944
8878,8945
8878,8955
8878,8982
8878,9062
8899,8411
8899,8446
8899,8471
8899,8492
8899,8515
8899,8555
8899,8597
8899,8666
8899,8778
8899,8792
8899,8824
8899,8866
8899,8903
8899,9022
8555,8446
8555,8467
8555,8471
8555,8476
8555,8479
8555,8492
8555,8499
8555,8574
8555,8666
8555,8778
8555,8792
8555,8821
8555,8866
8555,8899
8555,8945
8555,9022
8555,9062
8866,8401
8866,8411
8866,8413
8866,8427
8866,8446
8866,8471
8866,8476
8866,8479
8866,8491
8866,8515
8866,8532
8866,8548
8866,8550
8866,8574
8866,8597
8866,8655
8866,8666
8866,8673
8866,8674
8866,8687
8866,8694
8866,8695
8866,8697
8866,8701
8866,8702
8866,8723
8866,8729
8866,8757
8866,8764
8866,8780
8866,8792
8866,8821
8866,8824
8866,8826
8866,8875
8866,8878
8866,8883
8866,8886
8866,8892
8866,8899
8866,8903
8866,8927
8866,8944
8866,8945
8866,8977
8866,8997
8866,9008
8866,9022
8866,9032
8866,9036
8866,9062
8826,8471
8826,8479
8826,8491
8826,8666
8826,8824
8826,8886
8491,8666
8491,8903
8666,8411
8666,8446
8666,8467
8666,8471
8666,8476
8666,8515
8666,8532
8666,8550
8666,8555
8666,8574
8666,8674
8666,8695
8666,8697
8666,8778
8666,8821
8666,8875
8666,8878
8666,8892
8666,8903
8666,8927
8666,8969
8666,8997
8666,9022
8666,9035
8666,9062
8446,8413
8446,8424
8446,8471
8446,8476
8446,8547
8446,8550
8446,8555
8446,8574
8446,8611
8446,8655
8446,8660
8446,8673
8446,8695
8446,8697
8446,8729
8446,8750
8446,8778
8446,8780
8446,8824
8446,8878
8446,8886
8446,8903
8446,8961
8446,8969
8446,8997
8446,9013
8446,9022
8446,9058
8446,9062
8411,8550
8411,8903
8550,8413
8550,8424
8550,8452
8550,8471
8550,8476
8550,8532
8550,8574
8550,8655
8550,8673
8550,8702
8550,8757
8550,8763
8550,8821
8550,8856
8550,8878
8550,8892
8550,8903
8550,8927
8550,9008
8550,9062
8574,8452
8574,8476
8574,8532
8574,8697
8574,8702
8574,8763
8574,8780
8574,8821
8574,8961
8574,8997
8574,9008
8574,9062
8424,8532
8424,8555
8424,8777
8424,8821
8424,8920
8424,8961
8424,9026
8424,9041
8424,9062
8532,8467
8532,8534
8532,8538
8532,8561
8532,8606
8532,8673
8532,8777
8532,8780
8532,8831
8532,8856
8532,8877
8532,8919
8532,8920
8532,8927
8532,8961
8532,8964
8532,9004
8532,9013
8532,9062
9062,8413
9062,8424
9062,8446
9062,8471
9062,8476
9062,8482
9062,8502
9062,8532
9062,8555
9062,8597
9062,8598
9062,8603
9062,8606
9062,8611
9062,8626
9062,8660
9062,8673
9062,8697
9062,8763
9062,8800
9062,8821
9062,8831
9062,8843
9062,8873
9062,8877
9062,8919
9062,8920
9062,8924
9062,8951
9062,8961
9062,8970
9062,8997
9062,9008
9062,9013
9062,9022
9062,9026
9062,9041
8856,8436
8856,8688
8780,8413
8780,8436
8780,8471
8780,8531
8780,8534
8780,8538
8780,8547
8780,8660
8780,8673
8780,8777
8780,8831
8780,8871
8780,8877
8780,8920
8780,8961
8780,9013
8780,9022
8561,8534
8561,8866
8561,8920
8561,8961
8534,8531
8534,8660
8534,8831
8534,8877
8831,8413
8831,8454
8831,8482
8831,8536
8831,8547
8831,8576
8831,8577
8831,8628
8831,8660
8831,8696
8831,8718
8831,8750
8831,8800
8831,8808
8831,8879
8831,8901
8831,8940
8831,8942
8831,8945
8831,8951
8831,8970
8831,8976
8831,8981
8831,9013
8831,9020
8831,9050
8951,8471
8951,8482
8951,8495
8951,8502
8951,8536
8951,8547
8951,8576
8951,8577
8951,8598
8951,8603
8951,8628
8951,8642
8951,8660
8951,8800
8951,8808
8951,8841
8951,8844
8951,8854
8951,8871
8951,8873
8951,8879
8951,8910
8951,8940
8951,8942
8951,8965
8951,8970
8951,8981
8951,8998
8951,9013
8951,9020
8951,9023
8951,9028
8951,9050
8951,9058
8940,8660
8940,9058
9013,8413
9013,8446
9013,8454
9013,8470
9013,8471
9013,8531
9013,8598
9013,8609
9013,8611
9013,8626
9013,8628
9013,8636
9013,8648
9013,8660
9013,8668
9013,8714
9013,8738
9013,8750
9013,8769
9013,8831
9013,8841
9013,8854
9013,8855
9013,8873
9013,8877
9013,8881
9013,8884
9013,8924
9013,8942
9013,8951
9013,9010
9013,9022
9013,9058
8482,8547
8482,8598
8482,8603
8482,8660
8482,8688
8482,8800
8482,8844
8482,8854
8482,8876
8482,8879
8482,8910
8901,8660
8660,8413
8660,8454
8660,8460
8660,8471
8660,8489
8660,8495
8660,8496
8660,8505
8660,8547
8660,8576
8660,8577
8660,8598
8660,8603
8660,8609
8660,8611
8660,8626
8660,8636
8660,8642
8660,8648
8660,8655
8660,8722
8660,8762
8660,8776
8660,8800
8660,8804
8660,8808
8660,8844
8660,8848
8660,8855
8660,8873
8660,8879
8660,8884
8660,8917
8660,8924
8660,8942
8660,8945
8660,8958
8660,8965
8660,8970
8660,9010
8660,9018
8660,9033
8660,9050
8660,9053
8660,9058
8808,8688
8577,8547
9058,8547
9058,8598
9058,8603
9058,8731
9058,8879
8547,8489
8547,8536
8547,8598
8547,8603
8547,8611
8547,8626
8547,8636
8547,8696
8547,8712
8547,8732
8547,8762
8547,8776
8547,8800
8547,8873
8547,8879
8547,8881
8547,8917
8547,9013
8547,9018
8547,9023
8547,9050
8879,8413
8879,8454
8879,8471
8879,8495
8879,8496
8879,8502
8879,8536
8879,8576
8879,8598
8879,8603
8879,8611
8879,8655
8879,8688
8879,8701
8879,8712
8879,8714
8879,8722
8879,8731
8879,8732
8879,8735
8879,8737
8879,8762
8879,8776
8879,8800
8879,8804
8879,8846
8879,8848
8879,8855
8879,8873
8879,8876
8879,8917
8879,8942
8879,9013
8879,9028
8712,9061
8712,9062
8576,8413
8576,8454
8576,8611
8576,8626
8576,8800
8598,8454
8598,8470
8598,8603
8598,8611
8598,8636
8598,8642
8598,8731
8598,8737
8598,8776
8598,8800
8598,8855
8598,8873
8598,8958
8598,8968
8598,9023
8598,9050
8598,9062
9061,8413
9061,8603
9061,9022
8536,8731
8536,8848
8536,8873
8536,8942
8536,9033
8603,8454
8603,8471
8603,8489
8603,8502
8603,8611
8603,8648
8603,8688
8603,8696
8603,8714
8603,8737
8603,8776
8603,8800
8603,8804
8603,8873
8603,8876
8603,9018
8800,8413
8800,8454
8800,8470
8800,8495
8800,8502
8800,8636
8800,8642
8800,8648
8800,8675
8800,8685
8800,8696
8800,8722
8800,8855
8800,8873
8800,8881
8800,8884
8800,9009
8873,8413
8873,8436
8873,8438
8873,8454
8873,8460
8873,8470
8873,8471
8873,8489
8873,8495
8873,8496
8873,8611
8873,8626
8873,8636
8873,8642
8873,8648
8873,8649
8873,8668
8873,8670
8873,8671
8873,8685
8873,8696
8873,8714
8873,8718
8873,8722
8873,8732
8873,8745
8873,8769
8873,8800
8873,8804
8873,8848
8873,8855
8873,8881
8873,8884
8873,8958
8873,8968
8873,9009
8873,9010
8873,9013
8873,9018
8873,9023
8873,9053
8804,8489
8489,8460
8489,8611
8489,8626
8489,8722
8489,8855
8489,8958
8722,8470
8722,8609
8722,8611
8722,8671
8722,9010
8722,9013
8722,9018
8958,8495
8958,8611
8958,8685
8958,9009
8958,9010
8495,8454
8495,8470
8495,8609
8495,8714
8495,8852
8495,8855
8495,8881
8495,8884
8495,8917
8495,9053
8470,8438
8470,8454
8470,8611
8470,8648
8470,8668
8470,8671
8470,8675
8470,8685
8470,8769
8470,8800
8470,8852
8470,8881
8470,8884
8470,8917
8611,8413
8611,8438
8611,8440
8611,8454
8611,8471
8611,8648
8611,8649
8611,8668
8611,8671
8611,8675
8611,8685
8611,8745
8611,8769
8611,8800
8611,8855
8611,8881
8611,8884
8611,8968
8611,9009
8611,9013
8611,9053
8671,8454
8685,8440
8685,8649
8685,8668
8685,8855
8685,8968
8968,8649
8622,8400
8622,8434
8622,8437
8622,8484
8622,8519
8622,8520
8622,8524
8622,8582
8622,8742
8622,8755
8622,8787
8622,8794
8622,8862
8622,8885
8622,8909
8622,8914
8622,8934
8622,8953
8622,9017
8622,9039
8622,9057
8787,8445
8787,8845
8787,8862
8787,8885
8787,8936
8787,9037
8787,9039
8885,8400
8885,8417
8885,8434
8885,8437
8885,8480
8885,8483
8885,8484
8885,8508
8885,8519
8885,8524
8885,8559
8885,8570
8885,8580
8885,8582
8885,8590
8885,8652
8885,8664
8885,8677
8885,8706
8885,8736
8885,8742
8885,8783
8885,8794
8885,8797
8885,8798
8885,8814
8885,8838
8885,8894
8885,8912
8885,8933
8885,8949
8885,9000
8885,9039
8885,9047
8885,9057
8885,9060
8524,8582
8524,8894
8524,9047
8894,8430
8894,8580
8894,8586
8894,8623
8894,8794
8894,8814
8894,8914
8894,8987
8894,8991
8894,9039
8894,9057
8991,8478
8991,8814
8483,8448
8483,8508
8483,8512
8483,8580
8483,8586
8483,8590
8483,8592
8483,8773
8483,8933
8483,8950
8483,8954
8483,8986
8483,8987
8483,8991
8483,9060
8483,9064
8559,8570
8559,8664
8559,8677
8559,9027
8559,9064
8677,8543
8677,8589
8677,8767
8677,8911
8933,8647
9060,8525
8586,8478
8586,8549
8586,8623
8586,8639
8586,8700
8586,8814
8586,8912
8586,8949
8586,9000
8586,9027
8736,8590
8478,8484
8478,8511
8478,8912
8478,9048
8580,8417
8580,8448
8580,8465
8580,8468
8580,8484
8580,8510
8580,8560
8580,8566
8580,8639
8580,8654
8580,8686
8580,8709
8580,8742
8580,8781
8580,8811
8580,8893
8580,8915
8580,8988
8580,9031
8580,9039
8580,9065
8686,8490
8686,8592
8767,8715
8767,9031
8988,8813
8916,8402
8916,8410
8916,8428
8916,8451
8916,8456
8916,8497
8916,8500
8916,8516
8916,8517
8916,8535
8916,8578
8916,8612
8916,8630
8916,8640
8916,8644
8916,8645
8916,8683
8916,8703
8916,8704
8916,8710
8916,8728
8916,8756
8916,8778
8916,8786
8916,8793
8916,8850
8916,8880
8916,8891
8916,8907
8916,8908
8916,8927
8916,8931
8916,8932
8916,8962
8916,8993
8916,9003
8916,9044
8916,9051
8497,8407
8497,8426
8497,8428
8497,8535
8497,8618
8497,8704
8497,8761
8497,8771
8497,8825
8497,8864
8497,8870
8497,8889
8497,8907
8497,8908
8497,8995
8497,9006
8497,9044
8497,9056
8497,9068
8683,8410
8683,8432
8683,8464
8683,8493
8683,8558
8683,8587
8683,8591
8683,8595
8683,8617
8683,8618
8683,8724
8683,8749
8683,8758
8683,8796
8683,8850
8683,8931
8683,8932
8683,8962
8683,8983
8683,8990
9063,8413
9063,8493
9063,8526
9063,8540
9063,8583
9063,8643
9063,8662
9063,8692
9063,8747
9063,8778
9063,8779
9063,8784
9063,8810
9063,8861
9063,8945
9063,8952
9063,8973
9063,8990
9063,9007
9063,9012
9063,9022
9022,8413
9022,8421
9022,8428
9022,8431
9022,8439
9022,8446
9022,8454
9022,8459
9022,8461
9022,8471
9022,8475
9022,8489
9022,8493
9022,8503
9022,8509
9022,8526
9022,8537
9022,8546
9022,8548
9022,8551
9022,8555
9022,8557
9022,8563
9022,8564
9022,8574
9022,8583
9022,8600
9022,8610
9022,8611
9022,8615
9022,8641
9022,8646
9022,8666
9022,8673
9022,8675
9022,8692
9022,8697
9022,8709
9022,8744
9022,8747
9022,8748
9022,8751
9022,8772
9022,8778
9022,8780
9022,8782
9022,8784
9022,8786
9022,8791
9022,8795
9022,8802
9022,8803
9022,8812
9022,8824
9022,8828
9022,8837
9022,8839
9022,8850
9022,8855
9022,8858
9022,8859
9022,8861
9022,8866
9022,8869
9022,8873
9022,8878
9022,8892
9022,8907
9022,8920
9022,8923
9022,8930
9022,8945
9022,8961
9022,8978
9022,8997
9022,9007
9022,9013
9022,9062
9022,9069
8923,8493
8923,8646
8923,8692
8923,8744
8923,8837
8744,8413
8744,8475
8744,8503
8744,8526
8744,8551
8744,8573
8744,8641
8744,8691
8744,8692
8744,8713
8744,8858
8744,8861
8744,8978
8744,9022
8439,8415
8439,8475
8439,8528
8439,8563
8439,8641
8439,8661
8439,8751
8439,8768
8439,8975
8513,8615
9005,8413
9005,8421
9005,8458
9005,8473
9005,8481
9005,8518
9005,8528
9005,8548
9005,8661
9005,8692
9005,8753
9005,8765
9005,8778
9005,8782
9005,8816
9005,8830
9005,8980
9005,8994
9005,9046
9005,9052
8651,8418
8651,8459
8651,8471
8651,8486
8651,8585
8651,8610
8651,8725
8651,8760
8651,8790
8651,8840
8651,8898
8651,8972
8651,8978
8585,8471
8585,8476
8585,8486
8585,8487
8585,8523
8585,8610
8585,8653
8585,8778
8585,8827
8585,8866
8585,8869
8585,8898
8585,8929
8585,8972
8585,9035
8486,8466
8486,8471
8486,8523
8486,8544
8486,8605
8486,8701
8486,8866
8486,8878
8486,8898
8486,8929
8486,8978
8471,8399
8471,8413
8471,8429
8471,8446
8471,8454
8471,8460
8471,8470
8471,8476
8471,8479
8471,8487
8471,8491
8471,8492
8471,8496
8471,8499
8471,8515
8471,8523
8471,8530
8471,8531
8471,8532
8471,8544
8471,8547
8471,8554
8471,8555
8471,8561
8471,8568
8471,8574
8471,8584
8471,8597
8471,8605
8471,8610
8471,8611
8471,8628
8471,8660
8471,8666
8471,8673
8471,8674
8471,8695
8471,8697
8471,8701
8471,8764
8471,8778
8471,8792
8471,8795
8471,8800
8471,8821
8471,8824
8471,8826
8471,8830
8471,8831
8471,8855
8471,8866
8471,8867
8471,8869
8471,8873
8471,8878
8471,8879
8471,8899
8471,8903
8471,8913
8471,8920
8471,8922
8471,8925
8471,8942
8471,8944
8471,8945
8471,8947
8471,8955
8471,8961
8471,8969
8471,8977
8471,8978
8471,8979
8471,8982
8471,8997
8471,8999
8471,9002
8471,9013
8471,9022
8471,9023
8471,9030
8471,9046
8471,9050
8471,9062
8476,8471
8476,8532
8476,8550
8476,8555
8476,8702
8476,8866
8476,8878
8476,8920
8476,8925
8476,8982
8476,9062
8467,8538
8467,8780
8920,8409
8920,8413
8920,8436
8920,8471
8920,8482
8920,8531
8920,8534
8920,8538
8920,8545
8920,8597
8920,8606
8920,8628
8920,8660
8920,8738
8920,8831
8920,8871
8920,8873
8920,8877
8920,8951
8920,8961
8920,9013
8920,9022
8920,9062
8877,8413
8877,8482
8877,8531
8877,8750
8877,8831
8877,8879
8877,8951
8871,8482
8871,8598
8871,8660
8871,8901
8871,8970
9053,8855
8508,8405
8508,8434
8508,8448
8508,8478
8508,8525
8508,8580
8508,8586
8508,8682
8508,8686
8508,8700
8508,8814
8508,8893
8508,8894
8508,8911
8508,8914
8508,8949
8508,8986
8508,9048
8508,9055
8814,8416
8814,8417
8814,8484
8814,8566
8814,8736
8814,8882
8814,8914
8814,8949
8814,9000
8814,9039
8814,9048
8914,8422
8914,8484
8914,8490
8914,8511
8914,8566
8914,8580
8914,8639
8914,8652
8914,8709
8914,8742
8914,8752
8914,8788
8914,8811
8914,8888
8914,8912
8914,8915
8914,8946
8914,8988
9048,8511
9048,8552
9048,8580
9048,8682
8654,8510
8510,8781
8912,8417
8912,8455
8912,8465
8912,8468
8912,8575
8912,8706
8912,8709
8912,8788
8912,8789
8912,8832
8912,8900
8912,8928
8912,8935
8912,8946
8912,9001
8912,9034
8912,9039
8912,9057
8631,8716
9003,8428
9003,8435
9003,8493
9003,8583
9003,8637
9003,8850
9003,8945
9003,8973
9003,9012
9003,9022
9003,9063
8637,8413
8637,8428
8637,8493
8637,8540
8637,8583
8637,8810
8637,8851
8637,8973
8637,8996
8637,9022
8637,9063
9012,8643
9012,8945
9012,8973
8615,8518
8615,8548
8615,8563
8615,8599
8615,8619
8615,8680
8615,8689
8615,8751
8615,8828
8615,8975
8615,9005
8903,8413
8903,8452
8903,8467
8903,8471
8903,8476
8903,8532
8903,8574
8903,8697
8903,8702
8903,8763
8903,8780
8903,8821
8903,8892
8903,8919
8903,8920
8903,8927
8903,9008
8903,9026
8903,9062
8855,8440
8855,8649
8855,8848
8855,8968
8511,8533
8789,8455
8789,8517
8789,8709
8789,8806
8789,8818
8789,8890
8789,8907
8789,8943
8789,9029
8742,8405
8742,8417
8742,8419
8742,8781
8742,8801
8742,8912
8742,8935
8560,8682
8560,8781
8416,8621
8416,8900
8416,9014
9038,8716
9038,8759
9038,8900
8716,8488
8716,8650
8716,8759
8716,8788
8716,8941
8594,8428
8594,8500
8594,8517
8594,8588
8594,8620
8594,8710
8594,8805
8594,8962
8594,9003
8594,9024
8779,8526
8779,8692
8779,8861
8779,9022
8509,8413
8509,8503
8509,8548
8509,8563
8509,8615
8509,8635
8509,8638
8509,8692
8509,8693
8509,8711
8509,8743
8509,8751
8509,8816
8509,8926
8509,8945
8509,8975
8509,8985
8509,9005
8633,8548
8633,8681
8633,8690
8633,8980
8633,9019
9019,8753
8496,8454
8496,8611
8496,8855
8437,8706
8437,8794
8437,9037
8437,9057
8783,8542
8783,8549
8783,8559
8783,8586
8783,8647
8783,8677
8783,8736
8783,8798
8783,8914
8783,8933
8783,9060
8783,9064
8434,8417
8434,8465
8434,8484
8434,8767
8434,8912
8434,9065
9065,8484
9065,8549
9065,9031
8811,8552
8640,8500
8640,8558
8640,8618
8640,8710
8640,8756
8640,8897
8640,8927
8640,8932
8640,8962
8640,8967
8432,8464
8432,8785
8432,8962
8593,8413
8593,8447
8593,8581
8593,8583
8593,8595
8593,8612
8593,8618
8593,8734
8593,8796
8593,8810
8593,8820
8593,8849
8593,8850
8593,8870
8593,8872
8593,8907
8593,8945
8593,8973
8593,9003
8593,9012
8593,9054
8503,8413
8503,8415
8503,8439
8503,8509
8503,8513
8503,8563
8503,8602
8503,8615
8503,8633
8503,8634
8503,8635
8503,8638
8503,8641
8503,8659
8503,8661
8503,8680
8503,8689
8503,8692
8503,8693
8503,8698
8503,8709
8503,8743
8503,8751
8503,8768
8503,8803
8503,8816
8503,8822
8503,8828
8503,8850
8503,8859
8503,8907
8503,8926
8503,8927
8503,8945
8503,8975
8503,8985
8503,9005
8503,9022
8693,8415
8693,8513
8693,8548
8693,8615
8693,8659
8693,8707
8693,8711
8693,8751
8693,8815
8693,8816
8693,8860
8693,9005
8634,8415
8634,8421
8634,8599
8634,8679
8634,8692
8634,8975
8634,8978
8634,8985
8415,8413
8415,8414
8415,8420
8415,8421
8415,8443
8415,8457
8415,8528
8415,8548
8415,8711
8415,8730
8415,8744
8415,8751
8415,8753
8415,8765
8415,8830
8415,8850
8415,8918
8415,8926
8415,8945
8415,8985
8415,8994
8415,9046
8415,9052
8765,8413
8765,8420
8765,8421
8765,8428
8765,8493
8765,8528
8765,8548
8765,8681
8765,8753
8765,8778
8765,8805
8765,8816
8765,8918
8765,8945
8765,8973
8765,8994
8765,9052
8481,8473
8481,8475
8481,8744
8481,8829
8481,8978
9025,8459
9025,8471
9025,8486
9025,8585
9025,8597
9025,8610
9025,8632
9025,8651
9025,8658
9025,8705
9025,8725
9025,8751
9025,8753
9025,8824
9025,8840
9025,8898
9025,8921
9025,8972
9025,8984
9025,9011
9025,9021
9025,9046
9046,8530
9046,8730
9046,8753
9046,8782
9046,8786
9046,8870
9046,8994
8597,8413
8597,8459
8597,8471
8597,8601
8597,8610
8597,8651
8597,8666
8597,8695
8597,8725
8597,8760
8597,8778
8597,8824
8597,8868
8597,8869
8597,8878
8597,8899
8597,8951
8597,8972
8597,8978
8597,8999
8597,9013
8597,9022
8949,8419
8949,8652
8949,8709
8949,8912
8949,9001
8891,8500
8891,8630
8891,8756
8652,8417
8652,8419
8652,8434
8652,8484
8652,8490
8652,8566
8652,8580
8652,8742
8652,8773
8652,8912
8493,8413
8493,8431
8493,8526
8493,8546
8493,8573
8493,8600
8493,8608
8493,8646
8493,8692
8493,8784
8493,8802
8493,8812
8493,8837
8493,8861
8493,8923
8493,8945
8493,9022
8862,8835
8400,8480
8400,8483
8400,8559
8400,8814
8400,9065
9000,8434
9000,8462
9000,8478
9000,8484
9000,8506
9000,8533
9000,8566
9000,8570
9000,8580
9000,8639
9000,8652
9000,8752
9000,8906
9000,8912
9000,8949
9000,8950
9000,9048
9000,9065
8549,8592
8549,8767
8419,8417
8419,8613
8419,8788
8419,8832
8419,8900
8419,8912
8419,8935
8472,8948
8535,9051
8786,8402
8786,8413
8786,8428
8786,8441
8786,8500
8786,8516
8786,8527
8786,8591
8786,8593
8786,8596
8786,8612
8786,8617
8786,8629
8786,8630
8786,8633
8786,8634
8786,8640
8786,8645
8786,8657
8786,8663
8786,8683
8786,8692
8786,8704
8786,8743
8786,8749
8786,8756
8786,8765
8786,8772
8786,8778
8786,8803
8786,8805
8786,8825
8786,8837
8786,8839
8786,8850
8786,8870
8786,8874
8786,8907
8786,8908
8786,8931
8786,8932
8786,8945
8786,8956
8786,8962
8786,8971
8786,8996
8786,9003
8786,9006
8786,9022
8786,9043
8786,9045
8612,8581
8612,8766
8612,8796
8612,9003
8612,9066
8641,8404
8641,8420
8641,8501
8641,8509
8641,8572
8641,8599
8641,8619
8641,8634
8641,8638
8641,8692
8641,8693
8641,8698
8641,8711
8641,8743
8641,8751
8641,8753
8641,8768
8641,8786
8641,8803
8641,8815
8641,8975
8641,8989
8680,8548
8680,8563
8680,8633
8782,8406
8782,8413
8782,8459
8782,8473
8782,8475
8782,8477
8782,8481
8782,8514
8782,8567
8782,8597
8782,8610
8782,8665
8782,8705
8782,8744
8782,8751
8782,8775
8782,8778
8782,8863
8782,8945
8782,8959
8782,8978
8782,9021
8782,9022
8782,9025
8557,8466
8557,8494
8557,8601
8557,8610
8557,8651
8557,8705
8557,8760
8557,8921
8557,9025
8688,8611
8688,8920
8454,8648
8454,8668
8454,8685
8454,8836
8454,8855
8454,8917
8454,8968
8454,9053
8909,8845
8909,8934
8909,8936
8909,9017
8909,9037
8948,8428
8948,8640
8948,8786
8948,8864
8948,8916
8948,8932
8967,8785
8617,8778
8617,8962
8617,8983
8785,8593
8785,8850
8785,8945
8785,8962
8785,8973
8785,8983
8785,9003
8457,9052
8523,8471
8523,8476
8523,8492
8523,8627
8523,8701
8523,8830
8523,8866
8523,8878
8523,8925
8523,8982
8523,9002
8740,8428
8740,8463
8740,8516
8740,8517
8740,8703
8740,8916
8500,8410
8500,8428
8500,8432
8500,8456
8500,8464
8500,8469
8500,8527
8500,8558
8500,8587
8500,8593
8500,8594
8500,8618
8500,8620
8500,8640
8500,8663
8500,8676
8500,8683
8500,8710
8500,8720
8500,8746
8500,8756
8500,8758
8500,8766
8500,8774
8500,8785
8500,8786
8500,8805
8500,8850
8500,8870
8500,8897
8500,8907
8500,8927
8500,8931
8500,8932
8500,8945
8500,8956
8500,8962
8500,8973
8500,8983
8500,8990
8500,8993
8500,9003
8500,9006
8500,9012
8500,9024
8805,8410
8805,8413
8805,8497
8805,8526
8805,8527
8805,8618
8805,8638
8805,8786
8805,8810
8805,8820
8805,8849
8805,8907
8805,8931
8805,8945
8805,8956
8805,8962
8805,8967
8702,8424
8702,8532
8702,8777
8702,8821
8702,8919
9057,8417
9057,8430
9057,8465
9057,8478
9057,8560
9057,8654
9057,8664
9057,8686
9057,8736
9057,8783
9057,8797
9057,8912
9057,8914
9057,8953
9057,8991
9057,9000
9057,9065
8728,8516
8728,8630
8516,8428
8516,8500
8516,8587
8516,8630
8516,8640
8516,8645
8516,8870
8516,8956
8516,8962
8791,8546
8791,8692
8791,8709
8602,8638
8602,8985
8669,8615
8458,8415
8458,8753
8921,8459
8921,8597
8921,8610
8921,8632
8921,8651
8921,8658
8921,8984
8492,8401
8492,8427
8492,8446
8492,8499
8492,8550
8492,8555
8492,8561
8492,8584
8492,8701
8492,8824
8492,8826
8492,8866
8492,8886
8492,8899
8697,8413
8697,8424
8697,8446
8697,8471
8697,8532
8697,8702
8697,8821
8697,8927
8697,9004
8697,9062
8673,8409
8673,8413
8673,8424
8673,8471
8673,8532
8673,8561
8673,8778
8673,8780
8673,8821
8673,8856
8673,8920
8673,8927
8673,8945
8673,9004
8821,8424
8821,8471
8821,8532
8821,8545
8821,8555
8821,8673
8821,8763
8821,8780
8821,8831
8821,8856
8821,8920
8821,8961
8821,9004
8821,9026
8821,9062
9026,8531
9026,8660
9026,8750
9026,8831
9026,8951
8436,8413
8436,8531
8436,8831
8436,8940
8436,8951
8606,8446
8606,8831
8606,8877
8953,8434
8953,8519
8953,8845
8953,9000
8953,9047
8953,9057
8706,8465
8455,8428
8455,8497
8455,8517
8455,8704
8455,8771
8455,8806
8455,8870
8455,8943
8455,8995
8630,8432
8630,8447
8630,8451
8630,8456
8630,8469
8630,8500
8630,8517
8630,8583
8630,8587
8630,8593
8630,8594
8630,8620
8630,8640
8630,8656
8630,8663
8630,8683
8630,8704
8630,8710
8630,8724
8630,8746
8630,8756
8630,8785
8630,8786
8630,8799
8630,8870
8630,8927
8630,8931
8630,8937
8630,8945
8630,8956
8630,8962
8630,8967
8630,8993
8630,9003
8952,9022
8863,8610
8927,8413
8927,8428
8927,8500
8927,8516
8927,8531
8927,8663
8927,8780
8927,8785
8927,8805
8927,8850
8927,8866
8927,8931
8927,8945
8927,8956
8927,8962
8927,8973
8927,8985
8927,8993
8927,9003
8927,9046
8976,8970
8769,8413
8769,8648
8769,8855
8533,8405
8533,8419
8653,8471
8653,8486
8653,8624
8653,8866
8456,8587
8456,8684
8456,8962
8431,8413
8431,8709
8431,8837
8431,8861
8431,8945
8431,9063
8930,8503
8930,8859
8926,8421
8926,9052
8925,8492
8925,8530
8925,8555
8925,8666
8925,8701
8925,8866
8925,8867
8925,8899
8925,8985
9017,8445
9017,8987
9017,9037
8798,8506
8426,8740
8426,8771
8426,8834
8426,8907
8426,8992
8719,8517
8719,8728
8719,8761
8719,8895
8719,8995
8889,8569
8889,9015
8663,8593
8663,8620
8663,8850
8663,8962
8464,8962
8812,8692
8812,8837
8812,8839
8812,8861
8661,8753
8661,8850
8934,8430
8934,8437
8934,8445
8934,8483
8934,8508
8934,8512
8934,8524
8934,8652
8934,8787
8934,8794
8934,8807
8934,8845
8934,8862
8934,8885
8934,8894
8934,8936
8934,8950
8934,8953
8934,8991
8934,9000
8934,9017
8934,9037
8934,9057
8643,8778
8643,8812
8643,8973
8643,9022
8672,8839
9050,8454
9050,8611
9050,8670
9050,8722
9050,8776
9050,8855
9050,8873
8601,8972
9027,8434
8809,8640
8746,8962
9054,8529
9054,8810
9054,8850
9054,8956
9054,8973
9054,8996
9054,9063
9068,8771
8771,8425
8771,8428
8771,8704
8771,8719
8771,8740
8771,8756
8771,8864
8771,8865
8771,8870
8771,8895
8771,8907
8771,8916
8771,8995
8771,9006
8771,9049
8931,8558
8931,8618
8931,8932
8931,8962
8784,8503
8784,8526
8784,8692
8784,8861
8985,8413
8985,8415
8985,8421
8985,8458
8985,8518
8985,8528
8985,8661
8985,8679
8985,8681
8985,8692
8985,8693
8985,8707
8985,8726
8985,8765
8985,8786
8985,8815
8985,8825
8985,8828
8985,8829
8985,8830
8985,8850
8985,8866
8985,8907
8985,8927
8985,8945
8985,8975
8985,8978
8985,8980
8985,8994
8985,9005
8985,9019
8501,8415
8501,8420
8568,9035
8848,8470
8848,8495
8848,8745
8848,8852
8848,8958
8848,9013
8609,8611
8890,8575
8890,8771
8890,8806
8890,8907
9037,8437
9037,8885
9037,9047
8494,8450
8494,8601
8494,8653
8494,8733
8494,8868
8494,8927
8399,8627
8399,8866
8999,8555
8999,8878
8999,8913
8429,8554
8429,8866
8429,8899
8584,8866
8792,8401
8792,8491
8792,8550
8792,8666
8792,8701
8792,8778
8792,8826
8883,8697
8883,8903
8818,8497
8818,8709
8818,8890
8818,8916
8880,8402
8880,8517
8880,8962
8551,8526
8551,8784
8546,8596
8546,8691
8546,8692
8546,8709
8546,8858
8546,8859
8546,9069
8768,8509
8768,8599
8768,8635
8768,8641
8768,8679
8768,8743
8768,8803
8420,8413
8420,8473
8420,8528
8420,8753
8420,8816
8420,8994
8420,9005
8420,9046
8420,9052
8406,8481
8406,8514
8406,8978
8518,8415
8518,8528
8518,8994
8725,8840
8725,8869
8725,8972
8922,8487
8922,8982
8701,8471
8701,8479
8701,8491
8701,8555
8701,8666
8701,8824
8701,8826
8701,8903
8701,8944
8824,8413
8824,8446
8824,8459
8824,8574
8824,8610
8824,8666
8824,9021
8824,9022
8824,9062
8777,8436
8777,8545
8777,8561
8777,8920
8777,8961
8777,9004
8942,8454
8942,8471
8942,8495
8942,8505
8942,8547
8942,8576
8942,8598
8942,8603
8942,8611
8942,8668
8942,8688
8942,8718
8942,8722
8942,8731
8942,8735
8942,8737
8942,8769
8942,8776
8942,8846
8942,8848
8942,8855
8942,8873
8942,8879
8942,8958
8942,8965
8942,8970
8942,9010
8942,9013
8942,9062
8402,8500
8402,8630
8402,8683
8402,8927
8402,8962
8402,9003
8402,9044
8558,8962
8441,8810
8441,8962
8837,8413
8837,8428
8837,8509
8837,8526
8837,8573
8837,8600
8837,8608
8837,8692
8837,8709
8837,8713
8837,8744
8837,8784
8837,8850
8837,8859
8837,8861
8837,8945
8564,8537
8564,8692
8980,8414
8980,8415
8980,8443
8980,8528
8980,8690
8980,8692
8980,8726
8980,8816
8980,8850
8980,9052
8459,8568
8459,8585
8459,8610
8459,8760
8459,8778
8459,8840
8459,8898
8459,8972
8459,9021
8955,8666
8955,8866
8884,8454
8884,8668
8884,8855
8884,8917
8943,8407
8943,8500
8943,8704
8943,8719
8943,8761
8943,8771
8943,8870
8943,8895
8943,8907
8943,8916
8943,8992
8943,9006
8596,8503
8596,8858
8596,8985
8527,9024
8713,8526
8713,8692
8713,8870
8822,8859
8403,8681
8403,8829
8403,8978
8588,8412
8588,8850
8987,8508
8605,8399
8605,8866
8605,8955
8474,8466
9029,8575
9029,8709
8614,8404
8614,8679
8689,8619
8689,8828
8705,8597
8705,8610
8705,8632
8982,8429
8982,8492
8982,8554
8982,8555
8982,8584
8982,8792
8982,8866
8982,8878
8982,8899
8982,8913
8982,8925
8982,8955
8531,8471
8531,8547
8531,8576
8531,8628
8531,8660
8531,8718
8531,8750
8531,8831
8531,8871
8531,8879
8531,8901
8531,8942
8531,8951
8531,8976
8531,8998
8531,9020
8531,9050
8750,8576
8750,8762
8750,8841
8750,9058
8876,8636
8876,8737
8737,8502
8737,8611
8737,8696
8737,8873
8737,8958
8668,8648
8668,8649
8668,8855
8668,9053
8425,8825
8408,8428
8408,8517
8408,8786
9011,8418
9011,8568
9011,8984
8760,8494
8760,8610
8760,8653
8760,8840
8760,8868
8760,8898
8892,8452
8892,8821
8892,9062
8545,8531
8545,8660
8970,8502
8970,8547
8970,8598
8970,8603
8970,8611
8970,8731
8970,8737
8970,8800
8970,8873
8970,9058
8965,8536
8965,8547
9018,8413
9018,8496
9018,8611
9018,8636
9018,8668
9018,8714
9018,8718
9018,9010
8881,8454
8881,8671
8834,8500
8834,8630
8757,8903
8757,9026
9030,8982
8695,8446
8695,8655
8695,8697
8695,8757
8695,8903
8695,8969
8695,9008
8977,8969
8658,8840
9015,8428
9015,8786
9015,8916
8409,9062
8839,8503
8839,8859
8839,8985
9007,8413
9007,8803
8803,8503
8803,8537
8803,8615
8803,8638
8803,8692
8803,8709
8803,8743
8803,8815
8803,8850
8803,8858
8803,8985
8803,9005
8803,9022
8613,8716
8950,8906
8950,8914
8707,8415
8707,8473
8707,8528
8707,8765
8541,8978
8990,8413
8990,8583
8990,8748
8990,8923
8990,9022
8917,8454
8917,8855
8646,8413
8646,8600
8646,8744
8646,8837
8646,8861
8655,8821
8655,8903
8655,8961
8502,8873
8642,8800
8440,8968
8451,8962
8956,8410
8956,8428
8956,8432
8956,8587
8956,8704
8956,8758
8956,8774
8956,8785
8956,8850
8956,8945
8956,8962
8404,8707
8404,9005
8479,8446
8479,8550
8479,8695
8479,8697
8479,8903
8961,8409
8961,8413
8961,8436
8961,8446
8961,8531
8961,8536
8961,8603
8961,8738
8961,8750
8961,8778
8961,8831
8961,8841
8961,8877
8961,8879
8961,8920
8961,8942
8961,8945
8961,8951
8961,9013
8961,9022
8961,9026
8648,8440
8648,8649
8648,8836
8648,8855
8648,9053
8530,8446
8530,8471
8530,8555
8530,8866
8754,8705
8754,8863
8499,8866
8679,8661
8997,8413
8997,8467
8997,8532
8997,8550
8997,8597
8997,8666
8997,8673
8997,8702
8997,8780
8851,8973
8851,8974
8851,8990
8851,9022
8544,8523
8544,8607
8544,9030
9040,8832
8607,8499
8867,8866
9004,8660
8515,8757
8515,8903
8515,8945
8802,9007
9024,8588
9024,8593
9024,8637
9024,8765
9024,8850
9024,8939
9024,8962
9024,9054
8865,8704
8865,8864
8865,8916
8865,9042
8628,8576
8628,8606
8628,8660
8628,8942
8628,9013
9010,8495
9010,8611
9010,8636
8919,8688
8919,9004
8587,8441
8587,8449
8587,8517
8587,8521
8587,8593
8587,8618
8587,8778
8587,8810
8587,8874
8587,8932
8587,8939
8587,8962
8587,9024
8587,9054
8895,8630
8825,8413
8825,8428
8825,8471
8825,8546
8825,8563
8825,8599
8825,8618
8825,8663
8825,8681
8825,8692
8825,8709
8825,8710
8825,8761
8825,8786
8825,8805
8825,8809
8825,8816
8825,8820
8825,8850
8825,8865
8825,8870
8825,8907
8825,8927
8825,8945
8825,8978
8825,8985
8825,8996
8825,9046
8410,8587
8656,8500
9067,8493
8841,8547
8841,8800
8841,8854
8841,8910
8854,8901
8735,8855
8626,8855
8626,9010
8714,8470
8714,8611
8714,8668
8714,8769
8714,8881
8776,8454
8776,8460
8776,8505
8776,8722
8776,8848
8776,8873
8776,8876
8776,9022
8505,8714
8505,8873
8718,8714
8529,8413
8537,8503
8537,8859
9059,8418
9059,8651
8624,8610
8910,8547
8731,8873
8636,8454
8636,8470
8636,8495
8636,8496
8636,8611
8636,8668
8636,8769
8556,8471
8556,8868
8600,8803
8600,8861
8632,8459
8632,8504
8632,8597
8632,8610
8632,8651
8632,8725
8632,8824
8632,8984
8763,8444
8763,8780
9009,8968
8450,8653
8450,8972
8627,8492
8627,8866
8627,8867
8554,8471
8554,8530
8795,8530
8795,8584
8795,8824
8795,8866
8795,8978
8795,8982
8833,8789
9008,8424
9008,8673
9008,8702
8504,8459
8504,8610
8504,8978
8469,8962
8998,8547
8604,8455
8604,8575
8604,8957
8444,9041
8620,8785
8667,8709
8667,8789
8667,8832
8902,8455
8902,8517
8902,8575
8625,8517
8625,8709
8625,8916
