9066,9066
9067,9067
9068,9068
9069,9069
9070,9070
9071,9071
9072,9072
9073,9073
9074,9074
9075,9075
9076,9076
9077,9077
9078,9078
9079,9079
9080,9080
9081,9081
9082,9082
9083,9083
9084,9084
9085,9085
9086,9086
9087,9087
9088,9088
9089,9089
9090,9090
9091,9091
9092,9092
9093,9093
9094,9094
9095,9095
9096,9096
9097,9097
9098,9098
9099,9099
9100,9100
9101,9101
9102,9102
9103,9103
9104,9104
9105,9105
9106,9106
9107,9107
9108,9108
9109,9109
9110,9110
9111,9111
9112,9112
9113,9113
9114,9114
9115,9115
9116,9116
9117,9117
9118,9118
9119,9119
9120,9120
9121,9121
9122,9122
9123,9123
9124,9124
9125,9125
9126,9126
9127,9127
9128,9128
9129,9129
9130,9130
9131,9131
9132,9132
9133,9133
9134,9134
9135,9135
9136,9136
9137,9137
9138,9138
9139,9139
9140,9140
9141,9141
9142,9142
9143,9143
9144,9144
9145,9145
9146,9146
9147,9147
9148,9148
9149,9149
9150,9150
9151,9151
9152,9152
9153,9153
9154,9154
9155,9155
9156,9156
9157,9157
9158,9158
9159,9159
9160,9160
9161,9161
9162,9162
9163,9163
9164,9164
9165,9165
9166,9166
9167,9167
9168,9168
9169,9169
9170,9170
9171,9171
9172,9172
9173,9173
9174,9174
9175,9175
9176,9176
9177,9177
9178,9178
9179,9179
9180,9180
9181,9181
9182,9182
9183,9183
9184,9184
9185,9185
9186,9186
9187,9187
9188,9188
9189,9189
9190,9190
9191,9191
9192,9192
9193,9193
9194,9194
9195,9195
9196,9196
9197,9197
9198,9198
9199,9199
9200,9200
9201,9201
9202,9202
9203,9203
9204,9204
9205,9205
9206,9206
9207,9207
9208,9208
9209,9209
9210,9210
9211,9211
9212,9212
9213,9213
9214,9214
9215,9215
9216,9216
9217,9217
9218,9218
9219,9219
9220,9220
9221,9221
9222,9222
9223,9223
9224,9224
9225,9225
9226,9226
9227,9227
9228,9228
9229,9229
9230,9230
9231,9231
9232,9232
9233,9233
9234,9234
9235,9235
9236,9236
9237,9237
9238,9238
9239,9239
9240,9240
9241,9241
9242,9242
9243,9243
9244,9244
9245,9245
9246,9246
9247,9247
9248,9248
9249,9249
9250,9250
9251,9251
9252,9252
9253,9253
9254,9254
9255,9255
9256,9256
9257,9257
9258,9258
9259,9259
9260,9260
9261,9261
9262,9262
9263,9263
9264,9264
9265,9265
9266,9266
9267,9267
9268,9268
9269,9269
9270,9270
9271,9271
9272,9272
9273,9273
9274,9274
9275,9275
9276,9276
9277,9277
9278,9278
9279,9279
9280,9280
9281,9281
9282,9282
9283,9283
9284,9284
9285,9285
9286,9286
9287,9287
9288,9288
9289,9289
9290,9290
9291,9291
9292,9292
9293,9293
9294,9294
9295,9295
9296,9296
9297,9297
9298,9298
9299,9299
9300,9300
9301,9301
9302,9302
9303,9303
9304,9304
9305,9305
9306,9306
9307,9307
9308,9308
9309,9309
9310,9310
9311,9311
9312,9312
9313,9313
9314,9314
9315,9315
9316,9316
9317,9317
9318,9318
9319,9319
9320,9320
9321,9321
9322,9322
9323,9323
9324,9324
9325,9325
9326,9326
9327,9327
9328,9328
9329,9329
9330,9330
9331,9331
9332,9332
9333,9333
9334,9334
9335,9335
9336,9336
9337,9337
9338,9338
9339,9339
9340,9340
9341,9341
9342,9342
9343,9343
9344,9344
9345,9345
9346,9346
9347,9347
9348,9348
9349,9349
9350,9350
9351,9351
9352,9352
9353,9353
9354,9354
9355,9355
9356,9356
9357,9357
9358,9358
9359,9359
9360,9360
9361,9361
9362,9362
9363,9363
9364,9364
9365,9365
9366,9366
9367,9367
9368,9368
9369,9369
9370,9370
9371,9371
9372,9372
9373,9373
9374,9374
9375,9375
9376,9376
9377,9377
9378,9378
9379,9379
9380,9380
9381,9381
9382,9382
9383,9383
9384,9384
9385,9385
9386,9386
9387,9387
9388,9388
9389,9389
9390,9390
9391,9391
9392,9392
9393,9393
9394,9394
9395,9395
9396,9396
9397,9397
9398,9398
9399,9399
9400,9400
9401,9401
9402,9402
9403,9403
9404,9404
9405,9405
9406,9406
9407,9407
9408,9408
9409,9409
9410,9410
9411,9411
9412,9412
9413,9413
9414,9414
9415,9415
9416,9416
9417,9417
9418,9418
9419,9419
9420,9420
9421,9421
9422,9422
9423,9423
9424,9424
9425,9425
9426,9426
9427,9427
9428,9428
9429,9429
9430,9430
9431,9431
9432,9432
9433,9433
9434,9434
9435,9435
9436,9436
9437,9437
9438,9438
9439,9439
9440,9440
9441,9441
9442,9442
9443,9443
9444,9444
9445,9445
9446,9446
9447,9447
9448,9448
9449,9449
9450,9450
9451,9451
9452,9452
9453,9453
9454,9454
9455,9455
9456,9456
9457,9457
9458,9458
9459,9459
9460,9460
9461,9461
9462,9462
9463,9463
9464,9464
9465,9465
9466,9466
9467,9467
9468,9468
9469,9469
9470,9470
9471,9471
9472,9472
9473,9473
9474,9474
9475,9475
9476,9476
9477,9477
9478,9478
9479,9479
9480,9480
9481,9481
9482,9482
9483,9483
9484,9484
9485,9485
9486,9486
9487,9487
9488,9488
9489,9489
9490,9490
9491,9491
9492,9492
9493,9493
9494,9494
9495,9495
9496,9496
9497,9497
9498,9498
9499,9499
9500,9500
9501,9501
9502,9502
9503,9503
9504,9504
9505,9505
9506,9506
9507,9507
9508,9508
9509,9509
9510,9510
9511,9511
9512,9512
9513,9513
9514,9514
9515,9515
9516,9516
9517,9517
9518,9518
9519,9519
9520,9520
9521,9521
9522,9522
9523,9523
9524,9524
9525,9525
9526,9526
9527,9527
9528,9528
9529,9529
9530,9530
9531,9531
9532,9532
9533,9533
9534,9534
9535,9535
9536,9536
9537,9537
9538,9538
9539,9539
9540,9540
9541,9541
9542,9542
9543,9543
9544,9544
9545,9545
9546,9546
9547,9547
9548,9548
9549,9549
9550,9550
9551,9551
9552,9552
9553,9553
9554,9554
9555,9555
9556,9556
9557,9557
9558,9558
9559,9559
9560,9560
9561,9561
9562,9562
9563,9563
9564,9564
9565,9565
9566,9566
9567,9567
9568,9568
9569,9569
9570,9570
9571,9571
9572,9572
9573,9573
9574,9574
9575,9575
9576,9576
9577,9577
9578,9578
9579,9579
9580,9580
9581,9581
9582,9582
9583,9583
9584,9584
9585,9585
9586,9586
9587,9587
9588,9588
9589,9589
9590,9590
9591,9591
9592,9592
9593,9593
9594,9594
9595,9595
9596,9596
9597,9597
9598,9598
9599,9599
9600,9600
9601,9601
9602,9602
9603,9603
9604,9604
9605,9605
9606,9606
9607,9607
9608,9608
9609,9609
9610,9610
9611,9611
9612,9612
9613,9613
9614,9614
9615,9615
9616,9616
9617,9617
9618,9618
9619,9619
9620,9620
9621,9621
9622,9622
9623,9623
9624,9624
9625,9625
9626,9626
9627,9627
9628,9628
9629,9629
9630,9630
9631,9631
9632,9632
9633,9633
9634,9634
9635,9635
9636,9636
9637,9637
9638,9638
9639,9639
9640,9640
9641,9641
9642,9642
9643,9643
9644,9644
9645,9645
9646,9646
9647,9647
9648,9648
9649,9649
9650,9650
9651,9651
9652,9652
9653,9653
9654,9654
9655,9655
9656,9656
9657,9657
9658,9658
9659,9659
9660,9660
9661,9661
9662,9662
9663,9663
9664,9664
9665,9665
9666,9666
9667,9667
9668,9668
9669,9669
9670,9670
9671,9671
9672,9672
9673,9673
9674,9674
9675,9675
9676,9676
9677,9677
9678,9678
9679,9679
9680,9680
9681,9681
9682,9682
9683,9683
9684,9684
9685,9685
9686,9686
9687,9687
9688,9688
9689,9689
9690,9690
9691,9691
9692,9692
9693,9693
9694,9694
9695,9695
9696,9696
9697,9697
9698,9698
9699,9699
9700,9700
9701,9701
9702,9702
9703,9703
9704,9704
9705,9705
9706,9706
9707,9707
9708,9708
9709,9709
9710,9710
9711,9711
9712,9712
9713,9713
9714,9714
9715,9715
9716,9716
9717,9717
9718,9718
9719,9719
9720,9720
9721,9721
9722,9722
9723,9723
9724,9724
9725,9725
9726,9726
9727,9727
9728,9728
9729,9729
9730,9730
9731,9731
9732,9732
9733,9733
9734,9734
9735,9735
9736,9736

9474,9289
9289,9101
9289,9112
9289,9151
9289,9512
9289,9576
9289,9601
9289,9620
9289,9714
9289,9724
9112,9704
9512,9104
9512,9187
9512,9422
9512,9450
9512,9486
9512,9552
9512,9561
9186,9191
9714,9461
9714,9667
9461,9067
9461,9150
9461,9233
9461,9242
9461,9253
9461,9259
9461,9367
9461,9419
9461,9579
9461,9581
9461,9616
9461,9633
9461,9654
9461,9658
9461,9667
9151,9072
9151,9084
9151,9157
9151,9219
9151,9409
9151,9448
9151,9549
9151,9579
9151,9701
9157,9089
9157,9233
9157,9409
9157,9655
9233,9409
9706,9177
9706,9321
9706,9478
9706,9514
9706,9555
9072,9086
9177,9448
9448,9349
9409,9072
9409,9084
9409,9086
9409,9468
9409,9579
9349,9135
9349,9579
9579,9084
9579,9132
9579,9135
9579,9373
9579,9428
9579,9456
9579,9473
9579,9485
9579,9499
9579,9537
9579,9567
9579,9574
9579,9595
9579,9602
9579,9613
9579,9629
9579,9668
9579,9724
9135,9083
9135,9084
9135,9109
9135,9120
9135,9132
9135,9165
9135,9298
9135,9383
9135,9426
9135,9455
9135,9524
9135,9572
9135,9705
9132,9084
9084,9090
9084,9095
9084,9122
9084,9152
9084,9164
9084,9167
9084,9184
9084,9242
9084,9271
9084,9280
9084,9371
9084,9376
9084,9438
9084,9453
9084,9455
9084,9456
9084,9499
9084,9531
9084,9537
9084,9557
9084,9567
9084,9571
9084,9574
9084,9583
9084,9602
9084,9610
9084,9613
9084,9624
9084,9662
9084,9673
9084,9681
9084,9682
9084,9701
9084,9712
9120,9083
9681,9705
9567,9155
9567,9238
9567,9572
9567,9624
9426,9238
9426,9317
9426,9608
9608,9394
9608,9455
9455,9155
9455,9376
9455,9583
9455,9595
9455,9668
9155,9408
9155,9499
9155,9595
9155,9602
9595,9376
9602,9122
9602,9297
9602,9345
9602,9376
9602,9386
9602,9408
9602,9485
9602,9499
9602,9500
9602,9501
9602,9562
9602,9624
9602,9696
9602,9707
9499,9184
9499,9376
9499,9456
9499,9574
9376,9085
9376,9093
9376,9095
9376,9122
9376,9128
9376,9164
9376,9176
9376,9184
9376,9242
9376,9305
9376,9318
9376,9328
9376,9346
9376,9359
9376,9360
9376,9365
9376,9371
9376,9378
9376,9393
9376,9452
9376,9470
9376,9517
9376,9525
9376,9526
9376,9532
9376,9574
9376,9583
9376,9597
9376,9612
9376,9624
9376,9652
9376,9662
9376,9702
9624,9242
9624,9473
9242,9122
9242,9184
9242,9350
9242,9473
9242,9615
9242,9629
9184,9093
9184,9095
9184,9099
9184,9131
9184,9164
9184,9167
9184,9250
9184,9254
9184,9297
9184,9312
9184,9350
9184,9371
9184,9377
9184,9428
9184,9433
9184,9445
9184,9453
9184,9460
9184,9473
9184,9537
9184,9574
9184,9583
9184,9598
9184,9615
9184,9629
9184,9630
9184,9659
9184,9673
9184,9711
9473,9074
9473,9139
9473,9371
9473,9428
9473,9438
9473,9537
9473,9574
9473,9610
9473,9659
9473,9662
9473,9673
9473,9735
9164,9074
9164,9428
9164,9537
9164,9574
9659,9438
9659,9537
9537,9075
9537,9080
9537,9095
9537,9118
9537,9130
9537,9164
9537,9167
9537,9183
9537,9184
9537,9248
9537,9250
9537,9254
9537,9255
9537,9285
9537,9297
9537,9307
9537,9371
9537,9407
9537,9428
9537,9441
9537,9445
9537,9453
9537,9470
9537,9472
9537,9492
9537,9501
9537,9526
9537,9531
9537,9532
9537,9556
9537,9558
9537,9574
9537,9575
9537,9583
9537,9612
9537,9623
9537,9629
9537,9650
9537,9651
9537,9662
9537,9663
9537,9673
9537,9674
9537,9689
9537,9709
9537,9712
9537,9721
9537,9723
9537,9726
9574,9095
9574,9125
9574,9139
9574,9167
9574,9220
9574,9230
9574,9281
9574,9285
9574,9297
9574,9305
9574,9371
9574,9374
9574,9395
9574,9407
9574,9413
9574,9423
9574,9424
9574,9445
9574,9453
9574,9472
9574,9476
9574,9482
9574,9492
9574,9495
9574,9506
9574,9516
9574,9517
9574,9531
9574,9537
9574,9558
9574,9562
9574,9575
9574,9583
9574,9612
9574,9629
9574,9652
9574,9662
9574,9673
9574,9712
9574,9723
9673,9080
9673,9285
9673,9377
9673,9386
9673,9537
9673,9615
9673,9629
9662,9095
9662,9297
9662,9387
9662,9428
9662,9711
9428,9095
9428,9220
9428,9531
9428,9583
9428,9629
9575,9184
9531,9583
9531,9638
9095,9069
9095,9080
9095,9098
9095,9108
9095,9123
9095,9160
9095,9164
9095,9167
9095,9183
9095,9184
9095,9202
9095,9204
9095,9206
9095,9236
9095,9279
9095,9285
9095,9297
9095,9304
9095,9307
9095,9313
9095,9324
9095,9328
9095,9371
9095,9376
9095,9380
9095,9387
9095,9395
9095,9407
9095,9415
9095,9423
9095,9425
9095,9432
9095,9439
9095,9445
9095,9453
9095,9469
9095,9479
9095,9517
9095,9528
9095,9531
9095,9537
9095,9574
9095,9575
9095,9583
9095,9594
9095,9598
9095,9599
9095,9612
9095,9623
9095,9629
9095,9640
9095,9663
9095,9672
9095,9689
9095,9691
9095,9730
9095,9736
9583,9069
9583,9077
9583,9095
9583,9118
9583,9123
9583,9183
9583,9184
9583,9202
9583,9232
9583,9245
9583,9279
9583,9297
9583,9304
9583,9307
9583,9311
9583,9312
9583,9350
9583,9370
9583,9371
9583,9395
9583,9423
9583,9445
9583,9453
9583,9547
9583,9558
9583,9594
9583,9599
9583,9629
9583,9660
9583,9689
9583,9711
9583,9718
9712,9183
9312,9297
9312,9711
9711,9297
9297,9099
9297,9114
9297,9167
9297,9258
9297,9260
9297,9287
9297,9301
9297,9307
9297,9313
9297,9323
9297,9330
9297,9350
9297,9391
9297,9401
9297,9423
9297,9452
9297,9594
9297,9598
9297,9604
9297,9629
9371,9069
9371,9075
9371,9095
9371,9167
9371,9206
9371,9225
9371,9254
9371,9261
9371,9287
9371,9297
9371,9307
9371,9312
9371,9350
9371,9377
9371,9407
9371,9423
9371,9428
9371,9453
9371,9531
9371,9537
9371,9554
9371,9556
9371,9574
9371,9583
9371,9594
9371,9599
9371,9615
9371,9629
9371,9630
9371,9662
9371,9682
9371,9716
9307,9167
9307,9423
9307,9599
9307,9634
9423,9108
9423,9167
9423,9225
9423,9258
9423,9261
9423,9284
9423,9285
9423,9329
9423,9350
9423,9377
9423,9437
9423,9452
9423,9517
9423,9598
9423,9629
9423,9634
9377,9472
9377,9594
9377,9660
9594,9167
9594,9183
9594,9330
9594,9472
9594,9612
9594,9629
9472,9080
9472,9492
9472,9623
9472,9629
9660,9350
9350,9598
9350,9599
9350,9629
9285,9258
9285,9599
9285,9629
9599,9099
9599,9225
9599,9629
9284,9629
9650,9260
9650,9416
9629,9066
9629,9068
9629,9071
9629,9079
9629,9080
9629,9082
9629,9087
9629,9088
9629,9094
9629,9095
9629,9098
9629,9100
9629,9102
9629,9106
9629,9108
9629,9114
9629,9116
9629,9138
9629,9140
9629,9142
9629,9143
9629,9144
9629,9148
9629,9160
9629,9168
9629,9170
9629,9176
9629,9185
9629,9188
9629,9193
9629,9195
9629,9207
9629,9213
9629,9215
9629,9218
9629,9223
9629,9230
9629,9231
9629,9235
9629,9240
9629,9248
9629,9250
9629,9252
9629,9255
9629,9260
9629,9262
9629,9264
9629,9266
9629,9267
9629,9272
9629,9274
9629,9275
9629,9276
9629,9277
9629,9278
9629,9279
9629,9282
9629,9285
9629,9296
9629,9301
9629,9302
9629,9304
9629,9308
9629,9310
9629,9318
9629,9327
9629,9339
9629,9348
9629,9351
9629,9352
9629,9357
9629,9358
9629,9359
9629,9364
9629,9365
9629,9366
9629,9369
9629,9376
9629,9390
9629,9400
9629,9402
9629,9410
9629,9411
9629,9415
9629,9416
9629,9418
9629,9420
9629,9432
9629,9435
9629,9442
9629,9446
9629,9451
9629,9452
9629,9458
9629,9463
9629,9466
9629,9470
9629,9477
9629,9479
9629,9487
9629,9488
9629,9496
9629,9504
9629,9507
9629,9509
9629,9516
9629,9517
9629,9518
9629,9522
9629,9525
9629,9526
9629,9527
9629,9528
9629,9533
9629,9534
9629,9536
9629,9537
9629,9539
9629,9550
9629,9570
9629,9574
9629,9580
9629,9590
9629,9593
9629,9596
9629,9606
9629,9612
9629,9614
9629,9619
9629,9622
9629,9625
9629,9640
9629,9641
9629,9642
9629,9645
9629,9646
9629,9650
9629,9656
9629,9657
9629,9661
9629,9663
9629,9669
9629,9670
9629,9672
9629,9674
9629,9679
9629,9683
9629,9686
9629,9688
9629,9689
9629,9691
9629,9697
9629,9699
9629,9702
9629,9703
9629,9717
9629,9719
9629,9721
9629,9730
9629,9733
9629,9734
9477,9080
9477,9518
9477,9657
9477,9730
9080,9070
9080,9071
9080,9076
9080,9081
9080,9082
9080,9087
9080,9088
9080,9091
9080,9103
9080,9105
9080,9106
9080,9110
9080,9113
9080,9121
9080,9124
9080,9128
9080,9138
9080,9140
9080,9143
9080,9149
9080,9153
9080,9162
9080,9163
9080,9166
9080,9169
9080,9170
9080,9172
9080,9176
9080,9193
9080,9197
9080,9198
9080,9199
9080,9208
9080,9211
9080,9212
9080,9213
9080,9215
9080,9217
9080,9218
9080,9224
9080,9228
9080,9229
9080,9230
9080,9231
9080,9241
9080,9243
9080,9246
9080,9250
9080,9251
9080,9263
9080,9264
9080,9265
9080,9268
9080,9269
9080,9277
9080,9278
9080,9283
9080,9293
9080,9301
9080,9303
9080,9305
9080,9316
9080,9318
9080,9320
9080,9326
9080,9327
9080,9335
9080,9338
9080,9342
9080,9348
9080,9352
9080,9355
9080,9357
9080,9358
9080,9359
9080,9360
9080,9364
9080,9368
9080,9374
9080,9378
9080,9381
9080,9385
9080,9392
9080,9398
9080,9410
9080,9411
9080,9418
9080,9420
9080,9421
9080,9427
9080,9429
9080,9436
9080,9443
9080,9445
9080,9451
9080,9453
9080,9467
9080,9471
9080,9482
9080,9483
9080,9495
9080,9497
9080,9498
9080,9503
9080,9504
9080,9515
9080,9517
9080,9519
9080,9522
9080,9523
9080,9525
9080,9526
9080,9528
9080,9540
9080,9543
9080,9545
9080,9546
9080,9551
9080,9568
9080,9574
9080,9584
9080,9585
9080,9593
9080,9607
9080,9609
9080,9612
9080,9626
9080,9645
9080,9652
9080,9661
9080,9663
9080,9665
9080,9666
9080,9675
9080,9678
9080,9680
9080,9685
9080,9686
9080,9689
9080,9692
9080,9695
9080,9700
9080,9713
9080,9717
9080,9719
9080,9729
9080,9730
9080,9736
9415,9663
9640,9359
9640,9376
9640,9470
9640,9612
9640,9689
9689,9080
9689,9095
9689,9098
9689,9106
9689,9111
9689,9121
9689,9128
9689,9138
9689,9142
9689,9148
9689,9154
9689,9156
9689,9170
9689,9176
9689,9185
9689,9195
9689,9215
9689,9222
9689,9241
9689,9252
9689,9265
9689,9267
9689,9270
9689,9278
9689,9282
9689,9308
9689,9325
9689,9335
9689,9359
9689,9376
9689,9404
9689,9411
9689,9418
9689,9420
9689,9436
9689,9445
9689,9449
9689,9467
9689,9470
9689,9483
9689,9504
9689,9507
9689,9517
9689,9522
9689,9526
9689,9533
9689,9536
9689,9540
9689,9542
9689,9544
9689,9545
9689,9559
9689,9587
9689,9590
9689,9597
9689,9611
9689,9612
9689,9618
9689,9639
9689,9642
9689,9645
9689,9664
9689,9672
9689,9680
9689,9713
9689,9717
9689,9729
9359,9080
9359,9138
9359,9176
9359,9193
9359,9201
9359,9212
9359,9215
9359,9234
9359,9277
9359,9300
9359,9308
9359,9357
9359,9376
9359,9393
9359,9418
9359,9432
9359,9445
9359,9447
9359,9449
9359,9470
9359,9483
9359,9496
9359,9517
9359,9525
9359,9526
9359,9530
9359,9565
9359,9585
9359,9612
9359,9642
9359,9647
9359,9664
9359,9672
9359,9689
9359,9719
9445,9080
9445,9095
9445,9113
9445,9138
9445,9171
9445,9183
9445,9252
9445,9264
9445,9277
9445,9278
9445,9284
9445,9291
9445,9299
9445,9359
9445,9378
9445,9415
9445,9418
9445,9449
9445,9453
9445,9477
9445,9491
9445,9492
9445,9504
9445,9517
9445,9540
9445,9605
9445,9612
9445,9626
9445,9627
9445,9636
9445,9645
9445,9649
9445,9664
9445,9680
9445,9689
9445,9729
9193,9240
9193,9359
9193,9378
9193,9528
9528,9240
9528,9470
9528,9710
9528,9736
9612,9080
9612,9082
9612,9085
9612,9088
9612,9095
9612,9096
9612,9103
9612,9113
9612,9117
9612,9121
9612,9126
9612,9133
9612,9138
9612,9141
9612,9146
9612,9158
9612,9159
9612,9161
9612,9170
9612,9182
9612,9190
9612,9195
9612,9198
9612,9214
9612,9222
9612,9230
9612,9243
9612,9252
9612,9264
9612,9273
9612,9277
9612,9294
9612,9299
9612,9300
9612,9301
9612,9305
9612,9320
9612,9327
9612,9332
9612,9333
9612,9340
9612,9356
9612,9359
9612,9364
9612,9372
9612,9376
9612,9389
9612,9393
9612,9420
9612,9427
9612,9443
9612,9445
9612,9447
9612,9449
9612,9453
9612,9470
9612,9489
9612,9491
9612,9492
9612,9495
9612,9496
9612,9517
9612,9525
9612,9533
9612,9537
9612,9546
9612,9565
9612,9566
9612,9570
9612,9574
9612,9584
9612,9587
9612,9588
9612,9592
9612,9594
9612,9609
9612,9628
9612,9629
9612,9639
9612,9643
9612,9645
9612,9647
9612,9652
9612,9661
9612,9678
9612,9680
9612,9685
9612,9689
9612,9693
9612,9713
9612,9717
9663,9080
9663,9160
9663,9310
9663,9415
9663,9445
9663,9640
9525,9170
9525,9339
9526,9080
9526,9106
9526,9168
9526,9176
9526,9180
9526,9195
9526,9215
9526,9230
9526,9239
9526,9266
9526,9281
9526,9282
9526,9286
9526,9300
9526,9308
9526,9336
9526,9347
9526,9356
9526,9360
9526,9378
9526,9410
9526,9435
9526,9459
9526,9484
9526,9490
9526,9494
9526,9520
9526,9527
9526,9530
9526,9574
9526,9642
9526,9647
9526,9672
9526,9692
9305,9266
9305,9360
9305,9484
9378,9082
9410,9301
9410,9336
9266,9230
9266,9642
9642,9230
9642,9347
9642,9356
9642,9495
9230,9082
9230,9087
9230,9125
9230,9138
9230,9215
9230,9300
9230,9347
9230,9348
9230,9360
9230,9374
9230,9418
9230,9420
9230,9432
9230,9482
9230,9495
9230,9672
9230,9689
9418,9142
9418,9215
9418,9277
9418,9372
9418,9411
9418,9445
9418,9449
9418,9627
9418,9661
9418,9672
9672,9174
9672,9719
9215,9661
9348,9713
9420,9087
9420,9418
9517,9073
9517,9080
9517,9088
9517,9148
9517,9170
9517,9193
9517,9196
9517,9204
9517,9224
9517,9260
9517,9263
9517,9276
9517,9304
9517,9347
9517,9357
9517,9359
9517,9376
9517,9380
9517,9388
9517,9406
9517,9441
9517,9445
9517,9446
9517,9463
9517,9477
9517,9487
9517,9496
9517,9506
9517,9528
9517,9533
9517,9594
9517,9612
9517,9640
9517,9652
9517,9661
9517,9670
9517,9679
9517,9689
9517,9730
9195,9124
9195,9357
9195,9719
9585,9719
9661,9088
9661,9140
9661,9189
9661,9195
9661,9357
9661,9397
9661,9449
9661,9585
9661,9593
9661,9713
9661,9719
9719,9070
9719,9073
9719,9088
9719,9133
9719,9142
9719,9144
9719,9148
9719,9181
9719,9189
9719,9392
9719,9393
9719,9397
9719,9449
9719,9563
9719,9588
9719,9626
9719,9627
9719,9645
9719,9672
9393,9088
9088,9146
9088,9208
9088,9224
9088,9229
9088,9277
9088,9348
9088,9362
9088,9449
9088,9496
9088,9533
9088,9535
9088,9537
9088,9546
9088,9645
9645,9068
9645,9096
9645,9113
9645,9126
9645,9138
9645,9142
9645,9148
9645,9153
9645,9166
9645,9185
9645,9197
9645,9221
9645,9222
9645,9224
9645,9264
9645,9277
9645,9299
9645,9318
9645,9333
9645,9341
9645,9361
9645,9368
9645,9411
9645,9445
9645,9462
9645,9488
9645,9491
9645,9493
9645,9533
9645,9535
9645,9589
9645,9612
9645,9626
9645,9627
9645,9632
9645,9639
9142,9070
9142,9264
9185,9627
9626,9495
9495,9418
9495,9490
9318,9126
9318,9277
9277,9085
9277,9117
9277,9134
9277,9138
9277,9153
9277,9159
9277,9190
9277,9221
9277,9234
9277,9252
9277,9264
9277,9278
9277,9320
9277,9427
9277,9430
9277,9431
9277,9444
9277,9445
9277,9447
9277,9457
9277,9507
9277,9533
9277,9536
9277,9545
9277,9559
9277,9565
9277,9570
9277,9580
9277,9592
9277,9596
9277,9636
9277,9637
9277,9639
9277,9649
9277,9664
9277,9688
9277,9697
9507,9252
9507,9565
9252,9622
9639,9138
9639,9234
9639,9320
9639,9708
9536,9153
9545,9143
9545,9566
9545,9649
9545,9729
9649,9545
9566,9138
9222,9159
9222,9533
9159,9533
9533,9078
9533,9113
9533,9119
9533,9138
9533,9143
9533,9146
9533,9158
9533,9199
9533,9205
9533,9217
9533,9241
9533,9322
9533,9327
9533,9333
9533,9340
9533,9354
9533,9362
9533,9364
9533,9368
9533,9369
9533,9396
9533,9424
9533,9430
9533,9447
9533,9459
9533,9488
9533,9491
9533,9493
9533,9510
9533,9546
9533,9553
9533,9570
9533,9586
9533,9611
9533,9612
9533,9644
9533,9671
9533,9675
9533,9693
9533,9729
9138,9080
9138,9091
9138,9107
9138,9111
9138,9113
9138,9121
9138,9137
9138,9143
9138,9154
9138,9156
9138,9159
9138,9163
9138,9190
9138,9198
9138,9199
9138,9203
9138,9211
9138,9214
9138,9217
9138,9222
9138,9228
9138,9241
9138,9243
9138,9244
9138,9264
9138,9265
9138,9270
9138,9272
9138,9278
9138,9295
9138,9309
9138,9315
9138,9327
9138,9333
9138,9340
9138,9362
9138,9363
9138,9364
9138,9375
9138,9379
9138,9389
9138,9398
9138,9399
9138,9404
9138,9405
9138,9417
9138,9445
9138,9462
9138,9467
9138,9475
9138,9488
9138,9491
9138,9493
9138,9498
9138,9508
9138,9511
9138,9521
9138,9522
9138,9533
9138,9538
9138,9540
9138,9544
9138,9545
9138,9548
9138,9551
9138,9566
9138,9577
9138,9587
9138,9589
9138,9591
9138,9609
9138,9612
9138,9618
9138,9625
9138,9628
9138,9631
9138,9635
9138,9637
9138,9648
9138,9649
9138,9664
9138,9666
9138,9671
9138,9677
9138,9680
9138,9687
9138,9689
9138,9690
9138,9720
9138,9725
9138,9729
9493,9158
9333,9113
9333,9362
9113,9080
9113,9138
9113,9241
9113,9270
9113,9278
9113,9322
9113,9327
9113,9340
9113,9417
9113,9540
9113,9546
9113,9628
9113,9689
9113,9725
9241,9447
9340,9488
9199,9134
9199,9523
9729,9091
9729,9364
9729,9618
9447,9278
9498,9295
9498,9618
9618,9149
9618,9607
9680,9113
9680,9303
9680,9327
9521,9568
9327,9138
9327,9162
9327,9214
9327,9265
9327,9443
9327,9522
9327,9540
9327,9546
9327,9609
9725,9214
9214,9203
9214,9546
9214,9728
9546,9243
9546,9265
9546,9270
9546,9443
9546,9471
9546,9515
9546,9543
9265,9278
9265,9467
9270,9363
9270,9467
9270,9513
9270,9540
9467,9342
9540,9121
9540,9127
9540,9137
9540,9156
9540,9278
9540,9309
9540,9316
9540,9335
9540,9337
9540,9381
9540,9389
9540,9399
9540,9676
9540,9680
9540,9685
9540,9690
9156,9293
9162,9137
9137,9278
9137,9436
9278,9121
9278,9315
9278,9316
9278,9338
9278,9352
9278,9412
9278,9436
9278,9467
9278,9522
9278,9548
9278,9551
9278,9635
9278,9720
9338,9105
9338,9121
9121,9335
9121,9522
9121,9584
9121,9720
9352,9335
9522,9107
9552,9067
9552,9084
9552,9101
9552,9147
9552,9150
9552,9175
9552,9186
9552,9191
9552,9209
9552,9226
9552,9247
9552,9249
9552,9257
9552,9319
9552,9373
9552,9376
9552,9384
9552,9450
9552,9461
9552,9481
9552,9505
9552,9561
9552,9573
9552,9579
9552,9581
9552,9633
9552,9658
9552,9694
9552,9706
9552,9714
9552,9724
9552,9727
9561,9097
9561,9132
9561,9145
9561,9247
9561,9461
9561,9654
9561,9706
9561,9714
9561,9715
9561,9724
9097,9486
9150,9157
9150,9175
9150,9179
9150,9226
9150,9257
9150,9306
9150,9319
9150,9583
9150,9600
9150,9617
9226,9216
9226,9314
9226,9344
9226,9403
9226,9464
9226,9600
9226,9698
9226,9727
9226,9731
9600,9256
9253,9481
9253,9667
9667,9101
9667,9145
9667,9151
9667,9237
9667,9306
9667,9319
9667,9616
9667,9617
9145,9178
9178,9200
9247,9151
9247,9353
9247,9706
9353,9582
9582,9216
9216,9115
9216,9259
9216,9306
9216,9434
9434,9382
9655,9480
9730,9193
9730,9310
9730,9414
9730,9477
9730,9657
9411,9359
9411,9645
9106,9308
9126,9277
9153,9596
9363,9471
9175,9192
9175,9253
9175,9353
9175,9371
9175,9465
9175,9481
9175,9561
9175,9581
9175,9613
9175,9653
9175,9722
9481,9233
9481,9403
9581,9157
9581,9247
9581,9319
9581,9409
9581,9455
9581,9582
9581,9655
9581,9715
9715,9178
9321,9227
9321,9448
9227,9349
9705,9383
9705,9426
9670,9359
9670,9640
9304,9730
9570,9241
9570,9559
9456,9557
9083,9288
9083,9681
9261,9184
9176,9305
9724,9151
9724,9331
9724,9450
9724,9581
9724,9620
9724,9667
9450,9209
9450,9226
9450,9344
9450,9465
9450,9653
9450,9731
9450,9732
9101,9151
9101,9732
9732,9216
9698,9157
9453,9080
9453,9095
9453,9098
9453,9236
9453,9279
9453,9284
9453,9312
9453,9418
9453,9445
9453,9472
9453,9492
9453,9506
9453,9517
9453,9537
9453,9541
9453,9574
9453,9575
9453,9612
9453,9623
9453,9629
9453,9638
9453,9645
9453,9651
9453,9712
9099,9629
9260,9114
9260,9184
9260,9262
9260,9477
9260,9517
9260,9574
9260,9670
9260,9721
9160,9689
9170,9302
9170,9328
9170,9526
9360,9378
9301,9594
9301,9645
9301,9652
9082,9088
9082,9327
9082,9364
9082,9420
9082,9612
9082,9661
9432,9080
9432,9420
9432,9445
9692,9588
9713,9533
9713,9661
9264,9080
9264,9138
9264,9222
9264,9333
9264,9445
9264,9689
9609,9214
9609,9540
9609,9546
9616,9086
9616,9376
9616,9579
9616,9668
9558,9297
9319,9086
9319,9151
9319,9233
9319,9247
9319,9419
9209,9150
9465,9129
9465,9173
9465,9210
9465,9331
9465,9440
9465,9560
9465,9578
9465,9621
9200,9135
9210,9290
9086,9084
9086,9579
9086,9602
9470,9088
9470,9376
9470,9482
9470,9517
9449,9073
9449,9126
9449,9138
9449,9234
9449,9264
9449,9277
9449,9418
9449,9445
9449,9626
9449,9645
9449,9688
9449,9689
9449,9692
9576,9601
9704,9512
9704,9552
9122,9184
9122,9371
9122,9438
9122,9473
9122,9610
9452,9260
9452,9612
9452,9629
9452,9640
9452,9650
9407,9095
9407,9583
9167,9095
9167,9099
9167,9123
9167,9136
9167,9254
9167,9261
9167,9287
9167,9307
9167,9330
9167,9343
9167,9377
9167,9413
9167,9423
9167,9441
9167,9452
9167,9472
9167,9537
9167,9564
9167,9594
9167,9612
9167,9623
9167,9629
9167,9650
9167,9652
9167,9660
9167,9670
9167,9673
9167,9679
9438,9092
9438,9371
9438,9386
9438,9532
9438,9537
9438,9562
9438,9574
9438,9583
9438,9673
9183,9623
9336,9282
9364,9327
9488,9199
9488,9693
9601,9104
9601,9112
9601,9175
9601,9186
9601,9454
9601,9461
9601,9502
9601,9512
9601,9529
9601,9552
9601,9603
9601,9620
9601,9684
9601,9704
9098,9504
9721,9623
9652,9082
9652,9088
9652,9346
9652,9348
9652,9374
9652,9533
9652,9612
9652,9642
9652,9686
9087,9483
9417,9508
9610,9438
9610,9659
9610,9735
9225,9629
9504,9193
9504,9411
9504,9528
9682,9095
9664,9447
9198,9498
9543,9404
9404,9169
9335,9315
9559,9729
9685,9303
9685,9677
9169,9540
9623,9077
9623,9629
9146,9553
9254,9116
9254,9285
9254,9477
9254,9541
9254,9629
9254,9691
9691,9260
9691,9629
9492,9080
9492,9098
9492,9348
9492,9359
9492,9453
9492,9472
9492,9517
9492,9537
9492,9574
9492,9594
9492,9612
9492,9652
9077,9254
9462,9645
9271,9122
